# Region type : patch heater_to_fins
# Faces  :    241
# Area   :    1.550025e-04
# Time        	areaAverage(T)
1             	2.969000e+02
2             	2.971564e+02
3             	2.973899e+02
4             	2.976155e+02
5             	2.978308e+02
6             	2.980401e+02
7             	2.982430e+02
8             	2.984404e+02
9             	2.986322e+02
10            	2.988187e+02
11            	2.990002e+02
12            	2.991768e+02
13            	2.993486e+02
14            	2.995158e+02
15            	2.996785e+02
16            	2.998369e+02
17            	2.999911e+02
18            	3.001412e+02
19            	3.002875e+02
20            	3.004299e+02
21            	3.005687e+02
22            	3.007040e+02
23            	3.008359e+02
24            	3.009645e+02
25            	3.010899e+02
26            	3.012122e+02
27            	3.013316e+02
28            	3.014481e+02
29            	3.015618e+02
30            	3.016729e+02
31            	3.017813e+02
32            	3.018871e+02
33            	3.019906e+02
34            	3.020916e+02
35            	3.021904e+02
36            	3.022869e+02
37            	3.023812e+02
38            	3.024735e+02
39            	3.025637e+02
40            	3.026519e+02
41            	3.027382e+02
42            	3.028227e+02
43            	3.029053e+02
44            	3.029863e+02
45            	3.030655e+02
46            	3.031430e+02
47            	3.032190e+02
48            	3.032934e+02
49            	3.033662e+02
50            	3.034377e+02
51            	3.035076e+02
52            	3.035762e+02
53            	3.036434e+02
54            	3.037093e+02
55            	3.037739e+02
56            	3.038372e+02
57            	3.038993e+02
58            	3.039602e+02
59            	3.040199e+02
60            	3.040785e+02
61            	3.041360e+02
62            	3.041924e+02
63            	3.042477e+02
64            	3.043020e+02
65            	3.043552e+02
66            	3.044074e+02
67            	3.044587e+02
68            	3.045090e+02
69            	3.045584e+02
70            	3.046068e+02
71            	3.046543e+02
72            	3.047010e+02
73            	3.047468e+02
74            	3.047918e+02
75            	3.048359e+02
76            	3.048793e+02
77            	3.049218e+02
78            	3.049636e+02
79            	3.050046e+02
80            	3.050449e+02
81            	3.050844e+02
82            	3.051233e+02
83            	3.051615e+02
84            	3.051990e+02
85            	3.052359e+02
86            	3.052721e+02
87            	3.053077e+02
88            	3.053427e+02
89            	3.053771e+02
90            	3.054109e+02
91            	3.054442e+02
92            	3.054769e+02
93            	3.055091e+02
94            	3.055407e+02
95            	3.055719e+02
96            	3.056025e+02
97            	3.056327e+02
98            	3.056623e+02
99            	3.056915e+02
100           	3.057203e+02
101           	3.057486e+02
102           	3.057764e+02
103           	3.058038e+02
104           	3.058308e+02
105           	3.058574e+02
106           	3.058836e+02
107           	3.059094e+02
108           	3.059348e+02
109           	3.059598e+02
110           	3.059844e+02
111           	3.060087e+02
112           	3.060326e+02
113           	3.060562e+02
114           	3.060794e+02
115           	3.061023e+02
116           	3.061249e+02
117           	3.061471e+02
118           	3.061690e+02
119           	3.061906e+02
120           	3.062119e+02
121           	3.062329e+02
122           	3.062536e+02
123           	3.062740e+02
124           	3.062941e+02
125           	3.063140e+02
126           	3.063336e+02
127           	3.063529e+02
128           	3.063719e+02
129           	3.063907e+02
130           	3.064092e+02
131           	3.064275e+02
132           	3.064455e+02
133           	3.064633e+02
134           	3.064809e+02
135           	3.064982e+02
136           	3.065153e+02
137           	3.065322e+02
138           	3.065488e+02
139           	3.065653e+02
140           	3.065815e+02
141           	3.065976e+02
142           	3.066134e+02
143           	3.066290e+02
144           	3.066445e+02
145           	3.066597e+02
146           	3.066748e+02
147           	3.066897e+02
148           	3.067044e+02
149           	3.067189e+02
150           	3.067333e+02
151           	3.067475e+02
152           	3.067615e+02
153           	3.067753e+02
154           	3.067890e+02
155           	3.068026e+02
156           	3.068159e+02
157           	3.068292e+02
158           	3.068423e+02
159           	3.068552e+02
160           	3.068680e+02
161           	3.068806e+02
162           	3.068932e+02
163           	3.069055e+02
164           	3.069178e+02
165           	3.069299e+02
166           	3.069419e+02
167           	3.069537e+02
168           	3.069654e+02
169           	3.069770e+02
170           	3.069885e+02
171           	3.069999e+02
172           	3.070111e+02
173           	3.070223e+02
174           	3.070333e+02
175           	3.070442e+02
176           	3.070550e+02
177           	3.070657e+02
178           	3.070763e+02
179           	3.070868e+02
180           	3.070972e+02
181           	3.071075e+02
182           	3.071178e+02
183           	3.071279e+02
184           	3.071379e+02
185           	3.071478e+02
186           	3.071577e+02
187           	3.071674e+02
188           	3.071771e+02
189           	3.071867e+02
190           	3.071962e+02
191           	3.072056e+02
192           	3.072150e+02
193           	3.072243e+02
194           	3.072334e+02
195           	3.072426e+02
196           	3.072516e+02
197           	3.072606e+02
198           	3.072695e+02
199           	3.072783e+02
200           	3.072871e+02
201           	3.072958e+02
202           	3.073044e+02
203           	3.073130e+02
204           	3.073215e+02
205           	3.073299e+02
206           	3.073383e+02
207           	3.073466e+02
208           	3.073549e+02
209           	3.073631e+02
210           	3.073712e+02
211           	3.073793e+02
212           	3.073873e+02
213           	3.073953e+02
214           	3.074032e+02
215           	3.074111e+02
216           	3.074189e+02
217           	3.074267e+02
218           	3.074344e+02
219           	3.074421e+02
220           	3.074497e+02
221           	3.074572e+02
222           	3.074648e+02
223           	3.074722e+02
224           	3.074797e+02
225           	3.074871e+02
226           	3.074944e+02
227           	3.075017e+02
228           	3.075090e+02
229           	3.075162e+02
230           	3.075233e+02
231           	3.075304e+02
232           	3.075375e+02
233           	3.075446e+02
234           	3.075516e+02
235           	3.075585e+02
236           	3.075654e+02
237           	3.075723e+02
238           	3.075791e+02
239           	3.075859e+02
240           	3.075927e+02
241           	3.075994e+02
242           	3.076061e+02
243           	3.076127e+02
244           	3.076193e+02
245           	3.076259e+02
246           	3.076324e+02
247           	3.076389e+02
248           	3.076454e+02
249           	3.076518e+02
250           	3.076582e+02
251           	3.076646e+02
252           	3.076709e+02
253           	3.076772e+02
254           	3.076835e+02
255           	3.076898e+02
256           	3.076960e+02
257           	3.077022e+02
258           	3.077083e+02
259           	3.077144e+02
260           	3.077205e+02
261           	3.077266e+02
262           	3.077327e+02
263           	3.077387e+02
264           	3.077447e+02
265           	3.077506e+02
266           	3.077566e+02
267           	3.077625e+02
268           	3.077684e+02
269           	3.077743e+02
270           	3.077801e+02
271           	3.077860e+02
272           	3.077918e+02
273           	3.077975e+02
274           	3.078033e+02
275           	3.078090e+02
276           	3.078147e+02
277           	3.078204e+02
278           	3.078261e+02
279           	3.078318e+02
280           	3.078374e+02
281           	3.078430e+02
282           	3.078486e+02
283           	3.078542e+02
284           	3.078597e+02
285           	3.078653e+02
286           	3.078708e+02
287           	3.078763e+02
288           	3.078818e+02
289           	3.078872e+02
290           	3.078927e+02
291           	3.078981e+02
292           	3.079035e+02
293           	3.079088e+02
294           	3.079142e+02
295           	3.079195e+02
296           	3.079249e+02
297           	3.079302e+02
298           	3.079354e+02
299           	3.079407e+02
300           	3.079459e+02
301           	3.079512e+02
302           	3.079564e+02
303           	3.079616e+02
304           	3.079667e+02
305           	3.079719e+02
306           	3.079770e+02
307           	3.079822e+02
308           	3.079873e+02
309           	3.079924e+02
310           	3.079974e+02
311           	3.080025e+02
312           	3.080075e+02
313           	3.080125e+02
314           	3.080175e+02
315           	3.080225e+02
316           	3.080275e+02
317           	3.080324e+02
318           	3.080374e+02
319           	3.080423e+02
320           	3.080472e+02
321           	3.080521e+02
322           	3.080569e+02
323           	3.080618e+02
324           	3.080666e+02
325           	3.080715e+02
326           	3.080763e+02
327           	3.080811e+02
328           	3.080858e+02
329           	3.080906e+02
330           	3.080954e+02
331           	3.081001e+02
332           	3.081048e+02
333           	3.081095e+02
334           	3.081142e+02
335           	3.081189e+02
336           	3.081236e+02
337           	3.081282e+02
338           	3.081329e+02
339           	3.081375e+02
340           	3.081421e+02
341           	3.081467e+02
342           	3.081512e+02
343           	3.081558e+02
344           	3.081604e+02
345           	3.081649e+02
346           	3.081694e+02
347           	3.081739e+02
348           	3.081784e+02
349           	3.081829e+02
350           	3.081873e+02
351           	3.081918e+02
352           	3.081962e+02
353           	3.082006e+02
354           	3.082050e+02
355           	3.082094e+02
356           	3.082138e+02
357           	3.082182e+02
358           	3.082225e+02
359           	3.082269e+02
360           	3.082312e+02
361           	3.082355e+02
362           	3.082398e+02
363           	3.082441e+02
364           	3.082484e+02
365           	3.082526e+02
366           	3.082569e+02
367           	3.082611e+02
368           	3.082653e+02
369           	3.082695e+02
370           	3.082737e+02
371           	3.082779e+02
372           	3.082820e+02
373           	3.082862e+02
374           	3.082903e+02
375           	3.082944e+02
376           	3.082985e+02
377           	3.083026e+02
378           	3.083067e+02
379           	3.083108e+02
380           	3.083148e+02
381           	3.083189e+02
382           	3.083229e+02
383           	3.083269e+02
384           	3.083309e+02
385           	3.083349e+02
386           	3.083389e+02
387           	3.083429e+02
388           	3.083468e+02
389           	3.083507e+02
390           	3.083547e+02
391           	3.083586e+02
392           	3.083625e+02
393           	3.083664e+02
394           	3.083702e+02
395           	3.083741e+02
396           	3.083779e+02
397           	3.083818e+02
398           	3.083856e+02
399           	3.083894e+02
400           	3.083932e+02
401           	3.083969e+02
402           	3.084007e+02
403           	3.084045e+02
404           	3.084082e+02
405           	3.084119e+02
406           	3.084157e+02
407           	3.084194e+02
408           	3.084230e+02
409           	3.084267e+02
410           	3.084304e+02
411           	3.084340e+02
412           	3.084377e+02
413           	3.084413e+02
414           	3.084449e+02
415           	3.084485e+02
416           	3.084521e+02
417           	3.084557e+02
418           	3.084593e+02
419           	3.084628e+02
420           	3.084664e+02
421           	3.084699e+02
422           	3.084734e+02
423           	3.084769e+02
424           	3.084804e+02
425           	3.084839e+02
426           	3.084874e+02
427           	3.084908e+02
428           	3.084943e+02
429           	3.084977e+02
430           	3.085012e+02
431           	3.085046e+02
432           	3.085080e+02
433           	3.085114e+02
434           	3.085148e+02
435           	3.085181e+02
436           	3.085215e+02
437           	3.085248e+02
438           	3.085282e+02
439           	3.085315e+02
440           	3.085348e+02
441           	3.085381e+02
442           	3.085414e+02
443           	3.085447e+02
444           	3.085479e+02
445           	3.085512e+02
446           	3.085544e+02
447           	3.085577e+02
448           	3.085609e+02
449           	3.085641e+02
450           	3.085673e+02
451           	3.085705e+02
452           	3.085737e+02
453           	3.085768e+02
454           	3.085800e+02
455           	3.085831e+02
456           	3.085863e+02
457           	3.085894e+02
458           	3.085925e+02
459           	3.085956e+02
460           	3.085987e+02
461           	3.086018e+02
462           	3.086048e+02
463           	3.086079e+02
464           	3.086109e+02
465           	3.086140e+02
466           	3.086170e+02
467           	3.086200e+02
468           	3.086230e+02
469           	3.086260e+02
470           	3.086289e+02
471           	3.086319e+02
472           	3.086349e+02
473           	3.086378e+02
474           	3.086407e+02
475           	3.086436e+02
476           	3.086465e+02
477           	3.086494e+02
478           	3.086523e+02
479           	3.086552e+02
480           	3.086581e+02
481           	3.086609e+02
482           	3.086638e+02
483           	3.086666e+02
484           	3.086694e+02
485           	3.086722e+02
486           	3.086750e+02
487           	3.086778e+02
488           	3.086806e+02
489           	3.086834e+02
490           	3.086861e+02
491           	3.086889e+02
492           	3.086916e+02
493           	3.086943e+02
494           	3.086971e+02
495           	3.086998e+02
496           	3.087025e+02
497           	3.087052e+02
498           	3.087078e+02
499           	3.087105e+02
500           	3.087132e+02
501           	3.087158e+02
502           	3.087185e+02
503           	3.087211e+02
504           	3.087237e+02
505           	3.087263e+02
506           	3.087289e+02
507           	3.087315e+02
508           	3.087341e+02
509           	3.087367e+02
510           	3.087392e+02
511           	3.087418e+02
512           	3.087443e+02
513           	3.087469e+02
514           	3.087494e+02
515           	3.087519e+02
516           	3.087544e+02
517           	3.087569e+02
518           	3.087594e+02
519           	3.087619e+02
520           	3.087643e+02
521           	3.087668e+02
522           	3.087692e+02
523           	3.087717e+02
524           	3.087741e+02
525           	3.087765e+02
526           	3.087789e+02
527           	3.087813e+02
528           	3.087837e+02
529           	3.087861e+02
530           	3.087885e+02
531           	3.087908e+02
532           	3.087932e+02
533           	3.087955e+02
534           	3.087979e+02
535           	3.088002e+02
536           	3.088025e+02
537           	3.088048e+02
538           	3.088071e+02
539           	3.088094e+02
540           	3.088117e+02
541           	3.088139e+02
542           	3.088162e+02
543           	3.088185e+02
544           	3.088207e+02
545           	3.088229e+02
546           	3.088252e+02
547           	3.088274e+02
548           	3.088296e+02
549           	3.088318e+02
550           	3.088340e+02
551           	3.088362e+02
552           	3.088384e+02
553           	3.088405e+02
554           	3.088427e+02
555           	3.088448e+02
556           	3.088470e+02
557           	3.088491e+02
558           	3.088513e+02
559           	3.088534e+02
560           	3.088555e+02
561           	3.088576e+02
562           	3.088597e+02
563           	3.088618e+02
564           	3.088638e+02
565           	3.088659e+02
566           	3.088680e+02
567           	3.088700e+02
568           	3.088721e+02
569           	3.088741e+02
570           	3.088761e+02
571           	3.088781e+02
572           	3.088802e+02
573           	3.088822e+02
574           	3.088842e+02
575           	3.088861e+02
576           	3.088881e+02
577           	3.088901e+02
578           	3.088921e+02
579           	3.088940e+02
580           	3.088960e+02
581           	3.088979e+02
582           	3.088998e+02
583           	3.089018e+02
584           	3.089037e+02
585           	3.089056e+02
586           	3.089075e+02
587           	3.089094e+02
588           	3.089113e+02
589           	3.089131e+02
590           	3.089150e+02
591           	3.089169e+02
592           	3.089187e+02
593           	3.089206e+02
594           	3.089224e+02
595           	3.089242e+02
596           	3.089261e+02
597           	3.089279e+02
598           	3.089297e+02
599           	3.089315e+02
600           	3.089333e+02
601           	3.089351e+02
602           	3.089369e+02
603           	3.089386e+02
604           	3.089404e+02
605           	3.089422e+02
606           	3.089439e+02
607           	3.089456e+02
608           	3.089474e+02
609           	3.089491e+02
610           	3.089508e+02
611           	3.089526e+02
612           	3.089543e+02
613           	3.089560e+02
614           	3.089577e+02
615           	3.089594e+02
616           	3.089610e+02
617           	3.089627e+02
618           	3.089644e+02
619           	3.089660e+02
620           	3.089677e+02
621           	3.089693e+02
622           	3.089710e+02
623           	3.089726e+02
624           	3.089742e+02
625           	3.089759e+02
626           	3.089775e+02
627           	3.089791e+02
628           	3.089807e+02
629           	3.089823e+02
630           	3.089838e+02
631           	3.089854e+02
632           	3.089870e+02
633           	3.089886e+02
634           	3.089901e+02
635           	3.089917e+02
636           	3.089932e+02
637           	3.089947e+02
638           	3.089963e+02
639           	3.089978e+02
640           	3.089993e+02
641           	3.090008e+02
642           	3.090023e+02
643           	3.090038e+02
644           	3.090053e+02
645           	3.090068e+02
646           	3.090082e+02
647           	3.090097e+02
648           	3.090112e+02
649           	3.090126e+02
650           	3.090141e+02
651           	3.090155e+02
652           	3.090169e+02
653           	3.090184e+02
654           	3.090198e+02
655           	3.090212e+02
656           	3.090226e+02
657           	3.090240e+02
658           	3.090254e+02
659           	3.090267e+02
660           	3.090281e+02
661           	3.090295e+02
662           	3.090308e+02
663           	3.090322e+02
664           	3.090335e+02
665           	3.090349e+02
666           	3.090362e+02
667           	3.090375e+02
668           	3.090389e+02
669           	3.090402e+02
670           	3.090415e+02
671           	3.090428e+02
672           	3.090441e+02
673           	3.090454e+02
674           	3.090466e+02
675           	3.090479e+02
676           	3.090492e+02
677           	3.090504e+02
678           	3.090517e+02
679           	3.090529e+02
680           	3.090542e+02
681           	3.090554e+02
682           	3.090567e+02
683           	3.090579e+02
684           	3.090591e+02
685           	3.090603e+02
686           	3.090615e+02
687           	3.090627e+02
688           	3.090639e+02
689           	3.090651e+02
690           	3.090663e+02
691           	3.090674e+02
692           	3.090686e+02
693           	3.090698e+02
694           	3.090709e+02
695           	3.090721e+02
696           	3.090732e+02
697           	3.090744e+02
698           	3.090755e+02
699           	3.090766e+02
700           	3.090778e+02
701           	3.090789e+02
702           	3.090800e+02
703           	3.090811e+02
704           	3.090822e+02
705           	3.090833e+02
706           	3.090844e+02
707           	3.090855e+02
708           	3.090866e+02
709           	3.090876e+02
710           	3.090887e+02
711           	3.090898e+02
712           	3.090908e+02
713           	3.090919e+02
714           	3.090929e+02
715           	3.090940e+02
716           	3.090950e+02
717           	3.090961e+02
718           	3.090971e+02
719           	3.090981e+02
720           	3.090991e+02
721           	3.091001e+02
722           	3.091011e+02
723           	3.091021e+02
724           	3.091031e+02
725           	3.091041e+02
726           	3.091051e+02
727           	3.091061e+02
728           	3.091071e+02
729           	3.091080e+02
730           	3.091090e+02
731           	3.091100e+02
732           	3.091109e+02
733           	3.091119e+02
734           	3.091128e+02
735           	3.091138e+02
736           	3.091147e+02
737           	3.091157e+02
738           	3.091166e+02
739           	3.091175e+02
740           	3.091184e+02
741           	3.091194e+02
742           	3.091203e+02
743           	3.091212e+02
744           	3.091221e+02
745           	3.091230e+02
746           	3.091239e+02
747           	3.091248e+02
748           	3.091257e+02
749           	3.091266e+02
750           	3.091275e+02
751           	3.091283e+02
752           	3.091292e+02
753           	3.091301e+02
754           	3.091310e+02
755           	3.091318e+02
756           	3.091327e+02
757           	3.091335e+02
758           	3.091344e+02
759           	3.091352e+02
760           	3.091361e+02
761           	3.091369e+02
762           	3.091378e+02
763           	3.091386e+02
764           	3.091395e+02
765           	3.091403e+02
766           	3.091411e+02
767           	3.091419e+02
768           	3.091428e+02
769           	3.091436e+02
770           	3.091444e+02
771           	3.091452e+02
772           	3.091460e+02
773           	3.091468e+02
774           	3.091476e+02
775           	3.091484e+02
776           	3.091492e+02
777           	3.091500e+02
778           	3.091508e+02
779           	3.091516e+02
780           	3.091524e+02
781           	3.091532e+02
782           	3.091540e+02
783           	3.091547e+02
784           	3.091555e+02
785           	3.091563e+02
786           	3.091571e+02
787           	3.091578e+02
788           	3.091586e+02
789           	3.091593e+02
790           	3.091601e+02
791           	3.091608e+02
792           	3.091616e+02
793           	3.091623e+02
794           	3.091631e+02
795           	3.091638e+02
796           	3.091645e+02
797           	3.091653e+02
798           	3.091660e+02
799           	3.091667e+02
800           	3.091674e+02
801           	3.091681e+02
802           	3.091688e+02
803           	3.091695e+02
804           	3.091702e+02
805           	3.091709e+02
806           	3.091716e+02
807           	3.091723e+02
808           	3.091730e+02
809           	3.091737e+02
810           	3.091743e+02
811           	3.091750e+02
812           	3.091756e+02
813           	3.091763e+02
814           	3.091770e+02
815           	3.091776e+02
816           	3.091782e+02
817           	3.091789e+02
818           	3.091795e+02
819           	3.091801e+02
820           	3.091807e+02
821           	3.091814e+02
822           	3.091820e+02
823           	3.091826e+02
824           	3.091832e+02
825           	3.091838e+02
826           	3.091844e+02
827           	3.091850e+02
828           	3.091856e+02
829           	3.091861e+02
830           	3.091867e+02
831           	3.091873e+02
832           	3.091879e+02
833           	3.091884e+02
834           	3.091890e+02
835           	3.091896e+02
836           	3.091901e+02
837           	3.091907e+02
838           	3.091912e+02
839           	3.091918e+02
840           	3.091923e+02
841           	3.091929e+02
842           	3.091934e+02
843           	3.091939e+02
844           	3.091945e+02
845           	3.091950e+02
846           	3.091955e+02
847           	3.091961e+02
848           	3.091966e+02
849           	3.091971e+02
850           	3.091976e+02
851           	3.091981e+02
852           	3.091987e+02
853           	3.091992e+02
854           	3.091997e+02
855           	3.092002e+02
856           	3.092007e+02
857           	3.092012e+02
858           	3.092017e+02
859           	3.092022e+02
860           	3.092026e+02
861           	3.092031e+02
862           	3.092036e+02
863           	3.092041e+02
864           	3.092045e+02
865           	3.092050e+02
866           	3.092055e+02
867           	3.092059e+02
868           	3.092064e+02
869           	3.092069e+02
870           	3.092073e+02
871           	3.092078e+02
872           	3.092082e+02
873           	3.092087e+02
874           	3.092091e+02
875           	3.092096e+02
876           	3.092100e+02
877           	3.092105e+02
878           	3.092109e+02
879           	3.092114e+02
880           	3.092118e+02
881           	3.092123e+02
882           	3.092127e+02
883           	3.092131e+02
884           	3.092136e+02
885           	3.092140e+02
886           	3.092144e+02
887           	3.092149e+02
888           	3.092153e+02
889           	3.092157e+02
890           	3.092162e+02
891           	3.092166e+02
892           	3.092170e+02
893           	3.092175e+02
894           	3.092179e+02
895           	3.092183e+02
896           	3.092187e+02
897           	3.092192e+02
898           	3.092196e+02
899           	3.092200e+02
900           	3.092204e+02
901           	3.092208e+02
902           	3.092212e+02
903           	3.092217e+02
904           	3.092221e+02
905           	3.092225e+02
906           	3.092229e+02
907           	3.092233e+02
908           	3.092237e+02
909           	3.092241e+02
910           	3.092245e+02
911           	3.092249e+02
912           	3.092253e+02
913           	3.092256e+02
914           	3.092260e+02
915           	3.092264e+02
916           	3.092268e+02
917           	3.092271e+02
918           	3.092275e+02
919           	3.092279e+02
920           	3.092282e+02
921           	3.092286e+02
922           	3.092289e+02
923           	3.092292e+02
924           	3.092296e+02
925           	3.092299e+02
926           	3.092302e+02
927           	3.092305e+02
928           	3.092308e+02
929           	3.092312e+02
930           	3.092315e+02
931           	3.092318e+02
932           	3.092320e+02
933           	3.092323e+02
934           	3.092326e+02
935           	3.092329e+02
936           	3.092332e+02
937           	3.092334e+02
938           	3.092337e+02
939           	3.092339e+02
940           	3.092342e+02
941           	3.092344e+02
942           	3.092347e+02
943           	3.092349e+02
944           	3.092352e+02
945           	3.092354e+02
946           	3.092356e+02
947           	3.092358e+02
948           	3.092360e+02
949           	3.092363e+02
950           	3.092365e+02
951           	3.092367e+02
952           	3.092369e+02
953           	3.092370e+02
954           	3.092372e+02
955           	3.092374e+02
956           	3.092376e+02
957           	3.092378e+02
958           	3.092379e+02
959           	3.092381e+02
960           	3.092383e+02
961           	3.092384e+02
962           	3.092386e+02
963           	3.092388e+02
964           	3.092389e+02
965           	3.092391e+02
966           	3.092392e+02
967           	3.092394e+02
968           	3.092395e+02
969           	3.092397e+02
970           	3.092398e+02
971           	3.092400e+02
972           	3.092401e+02
973           	3.092403e+02
974           	3.092404e+02
975           	3.092406e+02
976           	3.092407e+02
977           	3.092409e+02
978           	3.092410e+02
979           	3.092412e+02
980           	3.092414e+02
981           	3.092415e+02
982           	3.092417e+02
983           	3.092418e+02
984           	3.092420e+02
985           	3.092421e+02
986           	3.092423e+02
987           	3.092425e+02
988           	3.092426e+02
989           	3.092428e+02
990           	3.092429e+02
991           	3.092431e+02
992           	3.092433e+02
993           	3.092434e+02
994           	3.092436e+02
995           	3.092438e+02
996           	3.092439e+02
997           	3.092441e+02
998           	3.092443e+02
999           	3.092444e+02
1000          	3.092446e+02
1001          	3.092448e+02
1002          	3.092450e+02
1003          	3.092452e+02
1004          	3.092453e+02
1005          	3.092455e+02
1006          	3.092457e+02
1007          	3.092459e+02
1008          	3.092461e+02
1009          	3.092463e+02
1010          	3.092465e+02
1011          	3.092466e+02
1012          	3.092468e+02
1013          	3.092470e+02
1014          	3.092472e+02
1015          	3.092474e+02
1016          	3.092476e+02
1017          	3.092478e+02
1018          	3.092480e+02
1019          	3.092482e+02
1020          	3.092485e+02
1021          	3.092487e+02
1022          	3.092489e+02
1023          	3.092491e+02
1024          	3.092493e+02
1025          	3.092495e+02
1026          	3.092497e+02
1027          	3.092500e+02
1028          	3.092502e+02
1029          	3.092504e+02
1030          	3.092506e+02
1031          	3.092509e+02
1032          	3.092511e+02
1033          	3.092513e+02
1034          	3.092516e+02
1035          	3.092518e+02
1036          	3.092520e+02
1037          	3.092523e+02
1038          	3.092525e+02
1039          	3.092528e+02
1040          	3.092530e+02
1041          	3.092533e+02
1042          	3.092535e+02
1043          	3.092538e+02
1044          	3.092540e+02
1045          	3.092543e+02
1046          	3.092545e+02
1047          	3.092548e+02
1048          	3.092550e+02
1049          	3.092553e+02
1050          	3.092556e+02
1051          	3.092558e+02
1052          	3.092561e+02
1053          	3.092564e+02
1054          	3.092567e+02
1055          	3.092569e+02
1056          	3.092572e+02
1057          	3.092575e+02
1058          	3.092577e+02
1059          	3.092580e+02
1060          	3.092583e+02
1061          	3.092586e+02
1062          	3.092588e+02
1063          	3.092591e+02
1064          	3.092594e+02
1065          	3.092597e+02
1066          	3.092600e+02
1067          	3.092602e+02
1068          	3.092605e+02
1069          	3.092608e+02
1070          	3.092610e+02
1071          	3.092613e+02
1072          	3.092616e+02
1073          	3.092619e+02
1074          	3.092621e+02
1075          	3.092624e+02
1076          	3.092626e+02
1077          	3.092629e+02
1078          	3.092632e+02
1079          	3.092634e+02
1080          	3.092637e+02
1081          	3.092639e+02
1082          	3.092642e+02
1083          	3.092644e+02
1084          	3.092647e+02
1085          	3.092649e+02
1086          	3.092652e+02
1087          	3.092654e+02
1088          	3.092656e+02
1089          	3.092659e+02
1090          	3.092661e+02
1091          	3.092663e+02
1092          	3.092666e+02
1093          	3.092668e+02
1094          	3.092670e+02
1095          	3.092672e+02
1096          	3.092675e+02
1097          	3.092677e+02
1098          	3.092679e+02
1099          	3.092681e+02
1100          	3.092683e+02
1101          	3.092686e+02
1102          	3.092688e+02
1103          	3.092690e+02
1104          	3.092692e+02
1105          	3.092694e+02
1106          	3.092696e+02
1107          	3.092698e+02
1108          	3.092700e+02
1109          	3.092701e+02
1110          	3.092703e+02
1111          	3.092705e+02
1112          	3.092707e+02
1113          	3.092708e+02
1114          	3.092710e+02
1115          	3.092712e+02
1116          	3.092713e+02
1117          	3.092715e+02
1118          	3.092716e+02
1119          	3.092717e+02
1120          	3.092719e+02
1121          	3.092720e+02
1122          	3.092721e+02
1123          	3.092722e+02
1124          	3.092723e+02
1125          	3.092724e+02
1126          	3.092725e+02
1127          	3.092725e+02
1128          	3.092726e+02
1129          	3.092727e+02
1130          	3.092727e+02
1131          	3.092728e+02
1132          	3.092728e+02
1133          	3.092728e+02
1134          	3.092728e+02
1135          	3.092729e+02
1136          	3.092729e+02
1137          	3.092729e+02
1138          	3.092729e+02
1139          	3.092728e+02
1140          	3.092728e+02
1141          	3.092728e+02
1142          	3.092727e+02
1143          	3.092727e+02
1144          	3.092726e+02
1145          	3.092726e+02
1146          	3.092725e+02
1147          	3.092725e+02
1148          	3.092724e+02
1149          	3.092723e+02
1150          	3.092722e+02
1151          	3.092722e+02
1152          	3.092721e+02
1153          	3.092720e+02
1154          	3.092719e+02
1155          	3.092718e+02
1156          	3.092717e+02
1157          	3.092716e+02
1158          	3.092715e+02
1159          	3.092714e+02
1160          	3.092713e+02
1161          	3.092712e+02
1162          	3.092710e+02
1163          	3.092709e+02
1164          	3.092708e+02
1165          	3.092707e+02
1166          	3.092706e+02
1167          	3.092705e+02
1168          	3.092704e+02
1169          	3.092702e+02
1170          	3.092701e+02
1171          	3.092700e+02
1172          	3.092699e+02
1173          	3.092697e+02
1174          	3.092696e+02
1175          	3.092695e+02
1176          	3.092694e+02
1177          	3.092693e+02
1178          	3.092691e+02
1179          	3.092690e+02
1180          	3.092689e+02
1181          	3.092688e+02
1182          	3.092687e+02
1183          	3.092686e+02
1184          	3.092685e+02
1185          	3.092684e+02
1186          	3.092683e+02
1187          	3.092682e+02
1188          	3.092681e+02
1189          	3.092680e+02
1190          	3.092679e+02
1191          	3.092678e+02
1192          	3.092677e+02
1193          	3.092676e+02
1194          	3.092675e+02
1195          	3.092675e+02
1196          	3.092674e+02
1197          	3.092673e+02
1198          	3.092672e+02
1199          	3.092672e+02
1200          	3.092671e+02
1201          	3.092671e+02
1202          	3.092670e+02
1203          	3.092670e+02
1204          	3.092669e+02
1205          	3.092669e+02
1206          	3.092668e+02
1207          	3.092668e+02
1208          	3.092668e+02
1209          	3.092668e+02
1210          	3.092668e+02
1211          	3.092668e+02
1212          	3.092668e+02
1213          	3.092668e+02
1214          	3.092668e+02
1215          	3.092668e+02
1216          	3.092668e+02
1217          	3.092669e+02
1218          	3.092669e+02
1219          	3.092670e+02
1220          	3.092670e+02
1221          	3.092671e+02
1222          	3.092671e+02
1223          	3.092672e+02
1224          	3.092673e+02
1225          	3.092674e+02
1226          	3.092675e+02
1227          	3.092676e+02
1228          	3.092677e+02
1229          	3.092678e+02
1230          	3.092679e+02
1231          	3.092681e+02
1232          	3.092682e+02
1233          	3.092683e+02
1234          	3.092685e+02
1235          	3.092686e+02
1236          	3.092688e+02
1237          	3.092689e+02
1238          	3.092691e+02
1239          	3.092692e+02
1240          	3.092694e+02
1241          	3.092696e+02
1242          	3.092697e+02
1243          	3.092699e+02
1244          	3.092701e+02
1245          	3.092703e+02
1246          	3.092705e+02
1247          	3.092707e+02
1248          	3.092709e+02
1249          	3.092711e+02
1250          	3.092713e+02
1251          	3.092715e+02
1252          	3.092717e+02
1253          	3.092719e+02
1254          	3.092721e+02
1255          	3.092723e+02
1256          	3.092725e+02
1257          	3.092727e+02
1258          	3.092729e+02
1259          	3.092731e+02
1260          	3.092734e+02
1261          	3.092736e+02
1262          	3.092738e+02
1263          	3.092740e+02
1264          	3.092742e+02
1265          	3.092745e+02
1266          	3.092747e+02
1267          	3.092749e+02
1268          	3.092752e+02
1269          	3.092754e+02
1270          	3.092756e+02
1271          	3.092759e+02
1272          	3.092761e+02
1273          	3.092763e+02
1274          	3.092765e+02
1275          	3.092768e+02
1276          	3.092770e+02
1277          	3.092772e+02
1278          	3.092774e+02
1279          	3.092776e+02
1280          	3.092779e+02
1281          	3.092781e+02
1282          	3.092783e+02
1283          	3.092785e+02
1284          	3.092787e+02
1285          	3.092789e+02
1286          	3.092790e+02
1287          	3.092792e+02
1288          	3.092794e+02
1289          	3.092796e+02
1290          	3.092797e+02
1291          	3.092799e+02
1292          	3.092801e+02
1293          	3.092802e+02
1294          	3.092804e+02
1295          	3.092805e+02
1296          	3.092806e+02
1297          	3.092808e+02
1298          	3.092809e+02
1299          	3.092810e+02
1300          	3.092811e+02
1301          	3.092812e+02
1302          	3.092813e+02
1303          	3.092814e+02
1304          	3.092815e+02
1305          	3.092816e+02
1306          	3.092816e+02
1307          	3.092817e+02
1308          	3.092817e+02
1309          	3.092818e+02
1310          	3.092818e+02
1311          	3.092819e+02
1312          	3.092819e+02
1313          	3.092819e+02
1314          	3.092819e+02
1315          	3.092819e+02
1316          	3.092820e+02
1317          	3.092820e+02
1318          	3.092819e+02
1319          	3.092819e+02
1320          	3.092819e+02
1321          	3.092819e+02
1322          	3.092819e+02
1323          	3.092818e+02
1324          	3.092818e+02
1325          	3.092818e+02
1326          	3.092817e+02
1327          	3.092817e+02
1328          	3.092816e+02
1329          	3.092815e+02
1330          	3.092815e+02
1331          	3.092814e+02
1332          	3.092813e+02
1333          	3.092813e+02
1334          	3.092812e+02
1335          	3.092811e+02
1336          	3.092810e+02
1337          	3.092809e+02
1338          	3.092809e+02
1339          	3.092808e+02
1340          	3.092807e+02
1341          	3.092806e+02
1342          	3.092805e+02
1343          	3.092804e+02
1344          	3.092803e+02
1345          	3.092802e+02
1346          	3.092801e+02
1347          	3.092800e+02
1348          	3.092799e+02
1349          	3.092797e+02
1350          	3.092796e+02
1351          	3.092795e+02
1352          	3.092794e+02
1353          	3.092793e+02
1354          	3.092792e+02
1355          	3.092791e+02
1356          	3.092790e+02
1357          	3.092789e+02
1358          	3.092787e+02
1359          	3.092786e+02
1360          	3.092785e+02
1361          	3.092784e+02
1362          	3.092783e+02
1363          	3.092782e+02
1364          	3.092781e+02
1365          	3.092780e+02
1366          	3.092779e+02
1367          	3.092778e+02
1368          	3.092777e+02
1369          	3.092776e+02
1370          	3.092775e+02
1371          	3.092774e+02
1372          	3.092773e+02
1373          	3.092772e+02
1374          	3.092771e+02
1375          	3.092770e+02
1376          	3.092769e+02
1377          	3.092768e+02
1378          	3.092768e+02
1379          	3.092767e+02
1380          	3.092766e+02
1381          	3.092766e+02
1382          	3.092765e+02
1383          	3.092765e+02
1384          	3.092765e+02
1385          	3.092764e+02
1386          	3.092764e+02
1387          	3.092764e+02
1388          	3.092764e+02
1389          	3.092764e+02
1390          	3.092764e+02
1391          	3.092764e+02
1392          	3.092764e+02
1393          	3.092765e+02
1394          	3.092765e+02
1395          	3.092765e+02
1396          	3.092766e+02
1397          	3.092766e+02
1398          	3.092767e+02
1399          	3.092767e+02
1400          	3.092768e+02
1401          	3.092769e+02
1402          	3.092770e+02
1403          	3.092771e+02
1404          	3.092771e+02
1405          	3.092772e+02
1406          	3.092774e+02
1407          	3.092775e+02
1408          	3.092776e+02
1409          	3.092777e+02
1410          	3.092778e+02
1411          	3.092779e+02
1412          	3.092781e+02
1413          	3.092782e+02
1414          	3.092783e+02
1415          	3.092785e+02
1416          	3.092786e+02
1417          	3.092788e+02
1418          	3.092789e+02
1419          	3.092791e+02
1420          	3.092792e+02
1421          	3.092794e+02
1422          	3.092795e+02
1423          	3.092797e+02
1424          	3.092799e+02
1425          	3.092800e+02
1426          	3.092802e+02
1427          	3.092804e+02
1428          	3.092805e+02
1429          	3.092807e+02
1430          	3.092809e+02
1431          	3.092810e+02
1432          	3.092812e+02
1433          	3.092814e+02
1434          	3.092816e+02
1435          	3.092817e+02
1436          	3.092819e+02
1437          	3.092821e+02
1438          	3.092823e+02
1439          	3.092825e+02
1440          	3.092827e+02
1441          	3.092828e+02
1442          	3.092830e+02
1443          	3.092832e+02
1444          	3.092834e+02
1445          	3.092836e+02
1446          	3.092838e+02
1447          	3.092840e+02
1448          	3.092842e+02
1449          	3.092844e+02
1450          	3.092846e+02
1451          	3.092848e+02
1452          	3.092850e+02
1453          	3.092852e+02
1454          	3.092854e+02
1455          	3.092856e+02
1456          	3.092858e+02
1457          	3.092859e+02
1458          	3.092861e+02
1459          	3.092863e+02
1460          	3.092865e+02
1461          	3.092867e+02
1462          	3.092868e+02
1463          	3.092870e+02
1464          	3.092872e+02
1465          	3.092873e+02
1466          	3.092875e+02
1467          	3.092876e+02
1468          	3.092878e+02
1469          	3.092879e+02
1470          	3.092881e+02
1471          	3.092882e+02
1472          	3.092883e+02
1473          	3.092884e+02
1474          	3.092885e+02
1475          	3.092887e+02
1476          	3.092888e+02
1477          	3.092889e+02
1478          	3.092890e+02
1479          	3.092890e+02
1480          	3.092891e+02
1481          	3.092892e+02
1482          	3.092893e+02
1483          	3.092894e+02
1484          	3.092894e+02
1485          	3.092895e+02
1486          	3.092895e+02
1487          	3.092896e+02
1488          	3.092896e+02
1489          	3.092897e+02
1490          	3.092897e+02
1491          	3.092898e+02
1492          	3.092898e+02
1493          	3.092898e+02
1494          	3.092898e+02
1495          	3.092899e+02
1496          	3.092899e+02
1497          	3.092899e+02
1498          	3.092899e+02
1499          	3.092899e+02
1500          	3.092899e+02
1501          	3.092899e+02
1502          	3.092899e+02
1503          	3.092899e+02
1504          	3.092899e+02
1505          	3.092899e+02
1506          	3.092899e+02
1507          	3.092899e+02
1508          	3.092898e+02
1509          	3.092898e+02
1510          	3.092898e+02
1511          	3.092897e+02
1512          	3.092897e+02
1513          	3.092896e+02
1514          	3.092896e+02
1515          	3.092895e+02
1516          	3.092894e+02
1517          	3.092894e+02
1518          	3.092893e+02
1519          	3.092892e+02
1520          	3.092891e+02
1521          	3.092891e+02
1522          	3.092890e+02
1523          	3.092889e+02
1524          	3.092888e+02
1525          	3.092887e+02
1526          	3.092886e+02
1527          	3.092885e+02
1528          	3.092884e+02
1529          	3.092882e+02
1530          	3.092881e+02
1531          	3.092880e+02
1532          	3.092879e+02
1533          	3.092878e+02
1534          	3.092876e+02
1535          	3.092875e+02
1536          	3.092874e+02
1537          	3.092873e+02
1538          	3.092871e+02
1539          	3.092870e+02
1540          	3.092869e+02
1541          	3.092867e+02
1542          	3.092866e+02
1543          	3.092864e+02
1544          	3.092863e+02
1545          	3.092862e+02
1546          	3.092860e+02
1547          	3.092859e+02
1548          	3.092858e+02
1549          	3.092856e+02
1550          	3.092855e+02
1551          	3.092854e+02
1552          	3.092852e+02
1553          	3.092851e+02
1554          	3.092850e+02
1555          	3.092849e+02
1556          	3.092847e+02
1557          	3.092846e+02
1558          	3.092845e+02
1559          	3.092844e+02
1560          	3.092843e+02
1561          	3.092841e+02
1562          	3.092840e+02
1563          	3.092839e+02
1564          	3.092838e+02
1565          	3.092837e+02
1566          	3.092837e+02
1567          	3.092836e+02
1568          	3.092835e+02
1569          	3.092834e+02
1570          	3.092834e+02
1571          	3.092833e+02
1572          	3.092833e+02
1573          	3.092832e+02
1574          	3.092832e+02
1575          	3.092831e+02
1576          	3.092831e+02
1577          	3.092831e+02
1578          	3.092831e+02
1579          	3.092831e+02
1580          	3.092830e+02
1581          	3.092830e+02
1582          	3.092830e+02
1583          	3.092831e+02
1584          	3.092831e+02
1585          	3.092831e+02
1586          	3.092831e+02
1587          	3.092832e+02
1588          	3.092832e+02
1589          	3.092832e+02
1590          	3.092833e+02
1591          	3.092834e+02
1592          	3.092834e+02
1593          	3.092835e+02
1594          	3.092836e+02
1595          	3.092836e+02
1596          	3.092837e+02
1597          	3.092838e+02
1598          	3.092839e+02
1599          	3.092840e+02
1600          	3.092841e+02
1601          	3.092842e+02
1602          	3.092843e+02
1603          	3.092844e+02
1604          	3.092846e+02
1605          	3.092847e+02
1606          	3.092848e+02
1607          	3.092849e+02
1608          	3.092851e+02
1609          	3.092852e+02
1610          	3.092854e+02
1611          	3.092855e+02
1612          	3.092856e+02
1613          	3.092858e+02
1614          	3.092859e+02
1615          	3.092861e+02
1616          	3.092862e+02
1617          	3.092864e+02
1618          	3.092865e+02
1619          	3.092866e+02
1620          	3.092868e+02
1621          	3.092869e+02
1622          	3.092871e+02
1623          	3.092872e+02
1624          	3.092874e+02
1625          	3.092875e+02
1626          	3.092877e+02
1627          	3.092878e+02
1628          	3.092879e+02
1629          	3.092881e+02
1630          	3.092882e+02
1631          	3.092883e+02
1632          	3.092885e+02
1633          	3.092886e+02
1634          	3.092887e+02
1635          	3.092889e+02
1636          	3.092890e+02
1637          	3.092891e+02
1638          	3.092892e+02
1639          	3.092894e+02
1640          	3.092895e+02
1641          	3.092896e+02
1642          	3.092897e+02
1643          	3.092898e+02
1644          	3.092900e+02
1645          	3.092901e+02
1646          	3.092902e+02
1647          	3.092903e+02
1648          	3.092904e+02
1649          	3.092905e+02
1650          	3.092906e+02
1651          	3.092907e+02
1652          	3.092909e+02
1653          	3.092910e+02
1654          	3.092911e+02
1655          	3.092912e+02
1656          	3.092913e+02
1657          	3.092914e+02
1658          	3.092915e+02
1659          	3.092916e+02
1660          	3.092917e+02
1661          	3.092917e+02
1662          	3.092918e+02
1663          	3.092919e+02
1664          	3.092920e+02
1665          	3.092921e+02
1666          	3.092922e+02
1667          	3.092923e+02
1668          	3.092923e+02
1669          	3.092924e+02
1670          	3.092925e+02
1671          	3.092925e+02
1672          	3.092926e+02
1673          	3.092927e+02
1674          	3.092927e+02
1675          	3.092928e+02
1676          	3.092928e+02
1677          	3.092929e+02
1678          	3.092929e+02
1679          	3.092930e+02
1680          	3.092930e+02
1681          	3.092930e+02
1682          	3.092931e+02
1683          	3.092931e+02
1684          	3.092931e+02
1685          	3.092932e+02
1686          	3.092932e+02
1687          	3.092932e+02
1688          	3.092932e+02
1689          	3.092933e+02
1690          	3.092933e+02
1691          	3.092933e+02
1692          	3.092933e+02
1693          	3.092933e+02
1694          	3.092933e+02
1695          	3.092933e+02
1696          	3.092933e+02
1697          	3.092933e+02
1698          	3.092932e+02
1699          	3.092932e+02
1700          	3.092932e+02
1701          	3.092932e+02
1702          	3.092931e+02
1703          	3.092931e+02
1704          	3.092931e+02
1705          	3.092930e+02
1706          	3.092930e+02
1707          	3.092929e+02
1708          	3.092929e+02
1709          	3.092928e+02
1710          	3.092928e+02
1711          	3.092927e+02
1712          	3.092926e+02
1713          	3.092926e+02
1714          	3.092925e+02
1715          	3.092924e+02
1716          	3.092923e+02
1717          	3.092923e+02
1718          	3.092922e+02
1719          	3.092921e+02
1720          	3.092920e+02
1721          	3.092919e+02
1722          	3.092918e+02
1723          	3.092918e+02
1724          	3.092917e+02
1725          	3.092916e+02
1726          	3.092915e+02
1727          	3.092914e+02
1728          	3.092913e+02
1729          	3.092912e+02
1730          	3.092911e+02
1731          	3.092910e+02
1732          	3.092909e+02
1733          	3.092909e+02
1734          	3.092908e+02
1735          	3.092907e+02
1736          	3.092906e+02
1737          	3.092905e+02
1738          	3.092904e+02
1739          	3.092903e+02
1740          	3.092902e+02
1741          	3.092901e+02
1742          	3.092901e+02
1743          	3.092900e+02
1744          	3.092899e+02
1745          	3.092898e+02
1746          	3.092897e+02
1747          	3.092896e+02
1748          	3.092896e+02
1749          	3.092895e+02
1750          	3.092894e+02
1751          	3.092893e+02
1752          	3.092893e+02
1753          	3.092892e+02
1754          	3.092891e+02
1755          	3.092890e+02
1756          	3.092890e+02
1757          	3.092889e+02
1758          	3.092888e+02
1759          	3.092888e+02
1760          	3.092887e+02
1761          	3.092887e+02
1762          	3.092886e+02
1763          	3.092886e+02
1764          	3.092885e+02
1765          	3.092885e+02
1766          	3.092884e+02
1767          	3.092884e+02
1768          	3.092884e+02
1769          	3.092883e+02
1770          	3.092883e+02
1771          	3.092883e+02
1772          	3.092882e+02
1773          	3.092882e+02
1774          	3.092882e+02
1775          	3.092881e+02
1776          	3.092881e+02
1777          	3.092881e+02
1778          	3.092881e+02
1779          	3.092881e+02
1780          	3.092880e+02
1781          	3.092880e+02
1782          	3.092880e+02
1783          	3.092880e+02
1784          	3.092880e+02
1785          	3.092879e+02
1786          	3.092879e+02
1787          	3.092879e+02
1788          	3.092879e+02
1789          	3.092879e+02
1790          	3.092879e+02
1791          	3.092879e+02
1792          	3.092878e+02
1793          	3.092878e+02
1794          	3.092878e+02
1795          	3.092878e+02
1796          	3.092878e+02
1797          	3.092878e+02
1798          	3.092878e+02
1799          	3.092878e+02
1800          	3.092878e+02
1801          	3.092877e+02
1802          	3.092877e+02
1803          	3.092877e+02
1804          	3.092877e+02
1805          	3.092877e+02
1806          	3.092877e+02
1807          	3.092877e+02
1808          	3.092877e+02
1809          	3.092877e+02
1810          	3.092877e+02
1811          	3.092877e+02
1812          	3.092877e+02
1813          	3.092877e+02
1814          	3.092877e+02
1815          	3.092877e+02
1816          	3.092877e+02
1817          	3.092877e+02
1818          	3.092876e+02
1819          	3.092876e+02
1820          	3.092876e+02
1821          	3.092876e+02
1822          	3.092876e+02
1823          	3.092876e+02
1824          	3.092876e+02
1825          	3.092876e+02
1826          	3.092876e+02
1827          	3.092876e+02
1828          	3.092876e+02
1829          	3.092876e+02
1830          	3.092876e+02
1831          	3.092876e+02
1832          	3.092876e+02
1833          	3.092876e+02
1834          	3.092876e+02
1835          	3.092875e+02
1836          	3.092875e+02
1837          	3.092875e+02
1838          	3.092875e+02
1839          	3.092875e+02
1840          	3.092875e+02
1841          	3.092875e+02
1842          	3.092875e+02
1843          	3.092875e+02
1844          	3.092875e+02
1845          	3.092875e+02
1846          	3.092875e+02
1847          	3.092875e+02
1848          	3.092875e+02
1849          	3.092875e+02
1850          	3.092876e+02
1851          	3.092876e+02
1852          	3.092876e+02
1853          	3.092876e+02
1854          	3.092876e+02
1855          	3.092876e+02
1856          	3.092876e+02
1857          	3.092876e+02
1858          	3.092876e+02
1859          	3.092876e+02
1860          	3.092876e+02
1861          	3.092876e+02
1862          	3.092876e+02
1863          	3.092876e+02
1864          	3.092877e+02
1865          	3.092877e+02
1866          	3.092877e+02
1867          	3.092877e+02
1868          	3.092877e+02
1869          	3.092877e+02
1870          	3.092878e+02
1871          	3.092878e+02
1872          	3.092878e+02
1873          	3.092878e+02
1874          	3.092879e+02
1875          	3.092879e+02
1876          	3.092879e+02
1877          	3.092880e+02
1878          	3.092880e+02
1879          	3.092880e+02
1880          	3.092881e+02
1881          	3.092881e+02
1882          	3.092881e+02
1883          	3.092882e+02
1884          	3.092882e+02
1885          	3.092882e+02
1886          	3.092883e+02
1887          	3.092883e+02
1888          	3.092883e+02
1889          	3.092884e+02
1890          	3.092884e+02
1891          	3.092884e+02
1892          	3.092885e+02
1893          	3.092885e+02
1894          	3.092885e+02
1895          	3.092886e+02
1896          	3.092886e+02
1897          	3.092886e+02
1898          	3.092887e+02
1899          	3.092887e+02
1900          	3.092887e+02
1901          	3.092887e+02
1902          	3.092888e+02
1903          	3.092888e+02
1904          	3.092888e+02
1905          	3.092888e+02
1906          	3.092889e+02
1907          	3.092889e+02
1908          	3.092889e+02
1909          	3.092889e+02
1910          	3.092889e+02
1911          	3.092889e+02
1912          	3.092890e+02
1913          	3.092890e+02
1914          	3.092890e+02
1915          	3.092890e+02
1916          	3.092890e+02
1917          	3.092890e+02
1918          	3.092890e+02
1919          	3.092890e+02
1920          	3.092890e+02
1921          	3.092891e+02
1922          	3.092891e+02
1923          	3.092891e+02
1924          	3.092891e+02
1925          	3.092891e+02
1926          	3.092891e+02
1927          	3.092891e+02
1928          	3.092891e+02
1929          	3.092891e+02
1930          	3.092891e+02
1931          	3.092891e+02
1932          	3.092891e+02
1933          	3.092891e+02
1934          	3.092891e+02
1935          	3.092891e+02
1936          	3.092890e+02
1937          	3.092890e+02
1938          	3.092890e+02
1939          	3.092890e+02
1940          	3.092890e+02
1941          	3.092890e+02
1942          	3.092890e+02
1943          	3.092889e+02
1944          	3.092889e+02
1945          	3.092889e+02
1946          	3.092889e+02
1947          	3.092889e+02
1948          	3.092888e+02
1949          	3.092888e+02
1950          	3.092888e+02
1951          	3.092887e+02
1952          	3.092887e+02
1953          	3.092887e+02
1954          	3.092887e+02
1955          	3.092886e+02
1956          	3.092886e+02
1957          	3.092886e+02
1958          	3.092885e+02
1959          	3.092885e+02
1960          	3.092885e+02
1961          	3.092885e+02
1962          	3.092884e+02
1963          	3.092884e+02
1964          	3.092884e+02
1965          	3.092884e+02
1966          	3.092883e+02
1967          	3.092883e+02
1968          	3.092883e+02
1969          	3.092883e+02
1970          	3.092883e+02
1971          	3.092882e+02
1972          	3.092882e+02
1973          	3.092882e+02
1974          	3.092882e+02
1975          	3.092882e+02
1976          	3.092882e+02
1977          	3.092882e+02
1978          	3.092882e+02
1979          	3.092881e+02
1980          	3.092881e+02
1981          	3.092881e+02
1982          	3.092881e+02
1983          	3.092881e+02
1984          	3.092881e+02
1985          	3.092881e+02
1986          	3.092881e+02
1987          	3.092881e+02
1988          	3.092881e+02
1989          	3.092881e+02
1990          	3.092881e+02
1991          	3.092881e+02
1992          	3.092881e+02
1993          	3.092881e+02
1994          	3.092882e+02
1995          	3.092882e+02
1996          	3.092882e+02
1997          	3.092882e+02
1998          	3.092882e+02
1999          	3.092882e+02
2000          	3.092882e+02
2001          	3.092882e+02
2002          	3.092882e+02
2003          	3.092882e+02
2004          	3.092882e+02
2005          	3.092882e+02
2006          	3.092882e+02
2007          	3.092882e+02
2008          	3.092882e+02
2009          	3.092882e+02
2010          	3.092882e+02
2011          	3.092882e+02
2012          	3.092882e+02
2013          	3.092882e+02
2014          	3.092882e+02
2015          	3.092882e+02
2016          	3.092881e+02
2017          	3.092881e+02
2018          	3.092881e+02
2019          	3.092881e+02
2020          	3.092881e+02
2021          	3.092881e+02
2022          	3.092881e+02
2023          	3.092881e+02
2024          	3.092881e+02
2025          	3.092880e+02
2026          	3.092880e+02
2027          	3.092880e+02
2028          	3.092880e+02
2029          	3.092880e+02
2030          	3.092880e+02
2031          	3.092880e+02
2032          	3.092879e+02
2033          	3.092879e+02
2034          	3.092879e+02
2035          	3.092879e+02
2036          	3.092879e+02
2037          	3.092879e+02
2038          	3.092879e+02
2039          	3.092879e+02
2040          	3.092879e+02
2041          	3.092879e+02
2042          	3.092879e+02
2043          	3.092879e+02
2044          	3.092879e+02
2045          	3.092879e+02
2046          	3.092879e+02
2047          	3.092879e+02
2048          	3.092879e+02
2049          	3.092879e+02
2050          	3.092879e+02
2051          	3.092880e+02
2052          	3.092880e+02
2053          	3.092880e+02
2054          	3.092880e+02
2055          	3.092880e+02
2056          	3.092881e+02
2057          	3.092881e+02
2058          	3.092881e+02
2059          	3.092881e+02
2060          	3.092882e+02
2061          	3.092882e+02
2062          	3.092882e+02
2063          	3.092883e+02
2064          	3.092883e+02
2065          	3.092883e+02
2066          	3.092884e+02
2067          	3.092884e+02
2068          	3.092885e+02
2069          	3.092885e+02
2070          	3.092885e+02
2071          	3.092886e+02
2072          	3.092886e+02
2073          	3.092887e+02
2074          	3.092888e+02
2075          	3.092888e+02
2076          	3.092889e+02
2077          	3.092889e+02
2078          	3.092890e+02
2079          	3.092890e+02
2080          	3.092891e+02
2081          	3.092891e+02
2082          	3.092892e+02
2083          	3.092892e+02
2084          	3.092893e+02
2085          	3.092893e+02
2086          	3.092894e+02
2087          	3.092894e+02
2088          	3.092895e+02
2089          	3.092895e+02
2090          	3.092896e+02
2091          	3.092896e+02
2092          	3.092896e+02
2093          	3.092897e+02
2094          	3.092897e+02
2095          	3.092897e+02
2096          	3.092898e+02
2097          	3.092898e+02
2098          	3.092898e+02
2099          	3.092898e+02
2100          	3.092898e+02
2101          	3.092899e+02
2102          	3.092899e+02
2103          	3.092899e+02
2104          	3.092899e+02
2105          	3.092899e+02
2106          	3.092899e+02
2107          	3.092899e+02
2108          	3.092899e+02
2109          	3.092899e+02
2110          	3.092899e+02
2111          	3.092899e+02
2112          	3.092898e+02
2113          	3.092898e+02
2114          	3.092898e+02
2115          	3.092898e+02
2116          	3.092898e+02
2117          	3.092897e+02
2118          	3.092897e+02
2119          	3.092897e+02
2120          	3.092897e+02
2121          	3.092896e+02
2122          	3.092896e+02
2123          	3.092896e+02
2124          	3.092896e+02
2125          	3.092895e+02
2126          	3.092895e+02
2127          	3.092895e+02
2128          	3.092894e+02
2129          	3.092894e+02
2130          	3.092894e+02
2131          	3.092893e+02
2132          	3.092893e+02
2133          	3.092892e+02
2134          	3.092892e+02
2135          	3.092892e+02
2136          	3.092891e+02
2137          	3.092891e+02
2138          	3.092890e+02
2139          	3.092890e+02
2140          	3.092889e+02
2141          	3.092889e+02
2142          	3.092888e+02
2143          	3.092888e+02
2144          	3.092887e+02
2145          	3.092887e+02
2146          	3.092886e+02
2147          	3.092886e+02
2148          	3.092885e+02
2149          	3.092885e+02
2150          	3.092885e+02
2151          	3.092884e+02
2152          	3.092884e+02
2153          	3.092884e+02
2154          	3.092884e+02
2155          	3.092883e+02
2156          	3.092883e+02
2157          	3.092883e+02
2158          	3.092883e+02
2159          	3.092883e+02
2160          	3.092883e+02
2161          	3.092883e+02
2162          	3.092883e+02
2163          	3.092883e+02
2164          	3.092883e+02
2165          	3.092883e+02
2166          	3.092883e+02
2167          	3.092883e+02
2168          	3.092883e+02
2169          	3.092884e+02
2170          	3.092884e+02
2171          	3.092884e+02
2172          	3.092885e+02
2173          	3.092885e+02
2174          	3.092886e+02
2175          	3.092886e+02
2176          	3.092887e+02
2177          	3.092887e+02
2178          	3.092888e+02
2179          	3.092889e+02
2180          	3.092889e+02
2181          	3.092890e+02
2182          	3.092891e+02
2183          	3.092891e+02
2184          	3.092892e+02
2185          	3.092892e+02
2186          	3.092893e+02
2187          	3.092893e+02
2188          	3.092894e+02
2189          	3.092894e+02
2190          	3.092895e+02
2191          	3.092895e+02
2192          	3.092895e+02
2193          	3.092896e+02
2194          	3.092896e+02
2195          	3.092896e+02
2196          	3.092896e+02
2197          	3.092896e+02
2198          	3.092896e+02
2199          	3.092896e+02
2200          	3.092896e+02
2201          	3.092896e+02
2202          	3.092895e+02
2203          	3.092895e+02
2204          	3.092895e+02
2205          	3.092895e+02
2206          	3.092894e+02
2207          	3.092894e+02
2208          	3.092893e+02
2209          	3.092893e+02
2210          	3.092892e+02
2211          	3.092892e+02
2212          	3.092891e+02
2213          	3.092891e+02
2214          	3.092890e+02
2215          	3.092890e+02
2216          	3.092889e+02
2217          	3.092888e+02
2218          	3.092888e+02
2219          	3.092887e+02
2220          	3.092886e+02
2221          	3.092886e+02
2222          	3.092885e+02
2223          	3.092884e+02
2224          	3.092884e+02
2225          	3.092883e+02
2226          	3.092882e+02
2227          	3.092882e+02
2228          	3.092881e+02
2229          	3.092880e+02
2230          	3.092880e+02
2231          	3.092879e+02
2232          	3.092878e+02
2233          	3.092877e+02
2234          	3.092877e+02
2235          	3.092876e+02
2236          	3.092875e+02
2237          	3.092874e+02
2238          	3.092874e+02
2239          	3.092873e+02
2240          	3.092872e+02
2241          	3.092871e+02
2242          	3.092870e+02
2243          	3.092869e+02
2244          	3.092868e+02
2245          	3.092868e+02
2246          	3.092867e+02
2247          	3.092866e+02
2248          	3.092865e+02
2249          	3.092864e+02
2250          	3.092863e+02
2251          	3.092862e+02
2252          	3.092861e+02
2253          	3.092860e+02
2254          	3.092859e+02
2255          	3.092858e+02
2256          	3.092857e+02
2257          	3.092856e+02
2258          	3.092855e+02
2259          	3.092854e+02
2260          	3.092853e+02
2261          	3.092852e+02
2262          	3.092851e+02
2263          	3.092850e+02
2264          	3.092848e+02
2265          	3.092847e+02
2266          	3.092846e+02
2267          	3.092845e+02
2268          	3.092843e+02
2269          	3.092842e+02
2270          	3.092841e+02
2271          	3.092839e+02
2272          	3.092838e+02
2273          	3.092837e+02
2274          	3.092835e+02
2275          	3.092834e+02
2276          	3.092832e+02
2277          	3.092831e+02
2278          	3.092829e+02
2279          	3.092828e+02
2280          	3.092826e+02
2281          	3.092824e+02
2282          	3.092823e+02
2283          	3.092821e+02
2284          	3.092820e+02
2285          	3.092818e+02
2286          	3.092816e+02
2287          	3.092814e+02
2288          	3.092813e+02
2289          	3.092811e+02
2290          	3.092809e+02
2291          	3.092808e+02
2292          	3.092806e+02
2293          	3.092804e+02
2294          	3.092803e+02
2295          	3.092801e+02
2296          	3.092799e+02
2297          	3.092797e+02
2298          	3.092796e+02
2299          	3.092794e+02
2300          	3.092793e+02
2301          	3.092791e+02
2302          	3.092789e+02
2303          	3.092788e+02
2304          	3.092786e+02
2305          	3.092785e+02
2306          	3.092783e+02
2307          	3.092782e+02
2308          	3.092781e+02
2309          	3.092779e+02
2310          	3.092778e+02
2311          	3.092777e+02
2312          	3.092775e+02
2313          	3.092774e+02
2314          	3.092773e+02
2315          	3.092772e+02
2316          	3.092771e+02
2317          	3.092770e+02
2318          	3.092769e+02
2319          	3.092768e+02
2320          	3.092767e+02
2321          	3.092766e+02
2322          	3.092765e+02
2323          	3.092765e+02
2324          	3.092764e+02
2325          	3.092763e+02
2326          	3.092763e+02
2327          	3.092762e+02
2328          	3.092762e+02
2329          	3.092762e+02
2330          	3.092761e+02
2331          	3.092761e+02
2332          	3.092761e+02
2333          	3.092760e+02
2334          	3.092760e+02
2335          	3.092760e+02
2336          	3.092760e+02
2337          	3.092760e+02
2338          	3.092760e+02
2339          	3.092760e+02
2340          	3.092761e+02
2341          	3.092761e+02
2342          	3.092761e+02
2343          	3.092762e+02
2344          	3.092762e+02
2345          	3.092763e+02
2346          	3.092763e+02
2347          	3.092764e+02
2348          	3.092765e+02
2349          	3.092765e+02
2350          	3.092766e+02
2351          	3.092767e+02
2352          	3.092768e+02
2353          	3.092769e+02
2354          	3.092770e+02
2355          	3.092771e+02
2356          	3.092772e+02
2357          	3.092773e+02
2358          	3.092774e+02
2359          	3.092776e+02
2360          	3.092777e+02
2361          	3.092778e+02
2362          	3.092779e+02
2363          	3.092781e+02
2364          	3.092782e+02
2365          	3.092783e+02
2366          	3.092785e+02
2367          	3.092786e+02
2368          	3.092787e+02
2369          	3.092789e+02
2370          	3.092790e+02
2371          	3.092792e+02
2372          	3.092793e+02
2373          	3.092795e+02
2374          	3.092796e+02
2375          	3.092797e+02
2376          	3.092799e+02
2377          	3.092800e+02
2378          	3.092801e+02
2379          	3.092803e+02
2380          	3.092804e+02
2381          	3.092805e+02
2382          	3.092807e+02
2383          	3.092808e+02
2384          	3.092809e+02
2385          	3.092810e+02
2386          	3.092811e+02
2387          	3.092812e+02
2388          	3.092813e+02
2389          	3.092814e+02
2390          	3.092815e+02
2391          	3.092815e+02
2392          	3.092816e+02
2393          	3.092817e+02
2394          	3.092818e+02
2395          	3.092818e+02
2396          	3.092819e+02
2397          	3.092820e+02
2398          	3.092820e+02
2399          	3.092821e+02
2400          	3.092821e+02
2401          	3.092822e+02
2402          	3.092822e+02
2403          	3.092822e+02
2404          	3.092823e+02
2405          	3.092823e+02
2406          	3.092823e+02
2407          	3.092824e+02
2408          	3.092824e+02
2409          	3.092824e+02
2410          	3.092824e+02
2411          	3.092825e+02
2412          	3.092825e+02
2413          	3.092825e+02
2414          	3.092825e+02
2415          	3.092825e+02
2416          	3.092825e+02
2417          	3.092825e+02
2418          	3.092826e+02
2419          	3.092826e+02
2420          	3.092826e+02
2421          	3.092826e+02
2422          	3.092826e+02
2423          	3.092826e+02
2424          	3.092826e+02
2425          	3.092826e+02
2426          	3.092826e+02
2427          	3.092826e+02
2428          	3.092825e+02
2429          	3.092825e+02
2430          	3.092825e+02
2431          	3.092825e+02
2432          	3.092825e+02
2433          	3.092825e+02
2434          	3.092824e+02
2435          	3.092824e+02
2436          	3.092824e+02
2437          	3.092824e+02
2438          	3.092823e+02
2439          	3.092823e+02
2440          	3.092823e+02
2441          	3.092822e+02
2442          	3.092822e+02
2443          	3.092821e+02
2444          	3.092821e+02
2445          	3.092820e+02
2446          	3.092820e+02
2447          	3.092819e+02
2448          	3.092819e+02
2449          	3.092818e+02
2450          	3.092818e+02
2451          	3.092817e+02
2452          	3.092817e+02
2453          	3.092816e+02
2454          	3.092816e+02
2455          	3.092815e+02
2456          	3.092815e+02
2457          	3.092814e+02
2458          	3.092814e+02
2459          	3.092813e+02
2460          	3.092812e+02
2461          	3.092812e+02
2462          	3.092812e+02
2463          	3.092811e+02
2464          	3.092811e+02
2465          	3.092810e+02
2466          	3.092810e+02
2467          	3.092809e+02
2468          	3.092809e+02
2469          	3.092808e+02
2470          	3.092808e+02
2471          	3.092808e+02
2472          	3.092807e+02
2473          	3.092807e+02
2474          	3.092806e+02
2475          	3.092806e+02
2476          	3.092806e+02
2477          	3.092805e+02
2478          	3.092805e+02
2479          	3.092804e+02
2480          	3.092804e+02
2481          	3.092804e+02
2482          	3.092803e+02
2483          	3.092803e+02
2484          	3.092802e+02
2485          	3.092802e+02
2486          	3.092802e+02
2487          	3.092801e+02
2488          	3.092801e+02
2489          	3.092800e+02
2490          	3.092800e+02
2491          	3.092800e+02
2492          	3.092799e+02
2493          	3.092799e+02
2494          	3.092799e+02
2495          	3.092798e+02
2496          	3.092798e+02
2497          	3.092798e+02
2498          	3.092797e+02
2499          	3.092797e+02
2500          	3.092797e+02
2501          	3.092796e+02
2502          	3.092796e+02
2503          	3.092795e+02
2504          	3.092795e+02
2505          	3.092795e+02
2506          	3.092794e+02
2507          	3.092794e+02
2508          	3.092794e+02
2509          	3.092793e+02
2510          	3.092793e+02
2511          	3.092793e+02
2512          	3.092792e+02
2513          	3.092792e+02
2514          	3.092792e+02
2515          	3.092791e+02
2516          	3.092791e+02
2517          	3.092791e+02
2518          	3.092790e+02
2519          	3.092790e+02
2520          	3.092790e+02
2521          	3.092790e+02
2522          	3.092789e+02
2523          	3.092789e+02
2524          	3.092789e+02
2525          	3.092789e+02
2526          	3.092788e+02
2527          	3.092788e+02
2528          	3.092788e+02
2529          	3.092788e+02
2530          	3.092788e+02
2531          	3.092788e+02
2532          	3.092787e+02
2533          	3.092787e+02
2534          	3.092787e+02
2535          	3.092787e+02
2536          	3.092787e+02
2537          	3.092787e+02
2538          	3.092787e+02
2539          	3.092787e+02
2540          	3.092787e+02
2541          	3.092787e+02
2542          	3.092787e+02
2543          	3.092787e+02
2544          	3.092787e+02
2545          	3.092787e+02
2546          	3.092787e+02
2547          	3.092787e+02
2548          	3.092787e+02
2549          	3.092787e+02
2550          	3.092786e+02
2551          	3.092786e+02
2552          	3.092786e+02
2553          	3.092786e+02
2554          	3.092786e+02
2555          	3.092786e+02
2556          	3.092786e+02
2557          	3.092786e+02
2558          	3.092786e+02
2559          	3.092786e+02
2560          	3.092787e+02
2561          	3.092787e+02
2562          	3.092787e+02
2563          	3.092787e+02
2564          	3.092787e+02
2565          	3.092787e+02
2566          	3.092788e+02
2567          	3.092788e+02
2568          	3.092788e+02
2569          	3.092788e+02
2570          	3.092789e+02
2571          	3.092789e+02
2572          	3.092789e+02
2573          	3.092790e+02
2574          	3.092790e+02
2575          	3.092791e+02
2576          	3.092791e+02
2577          	3.092792e+02
2578          	3.092792e+02
2579          	3.092793e+02
2580          	3.092793e+02
2581          	3.092794e+02
2582          	3.092794e+02
2583          	3.092795e+02
2584          	3.092795e+02
2585          	3.092796e+02
2586          	3.092797e+02
2587          	3.092797e+02
2588          	3.092798e+02
2589          	3.092799e+02
2590          	3.092799e+02
2591          	3.092800e+02
2592          	3.092801e+02
2593          	3.092802e+02
2594          	3.092802e+02
2595          	3.092803e+02
2596          	3.092804e+02
2597          	3.092804e+02
2598          	3.092805e+02
2599          	3.092806e+02
2600          	3.092807e+02
2601          	3.092807e+02
2602          	3.092808e+02
2603          	3.092809e+02
2604          	3.092810e+02
2605          	3.092810e+02
2606          	3.092811e+02
2607          	3.092812e+02
2608          	3.092812e+02
2609          	3.092813e+02
2610          	3.092814e+02
2611          	3.092815e+02
2612          	3.092815e+02
2613          	3.092816e+02
2614          	3.092817e+02
2615          	3.092817e+02
2616          	3.092818e+02
2617          	3.092819e+02
2618          	3.092819e+02
2619          	3.092820e+02
2620          	3.092821e+02
2621          	3.092821e+02
2622          	3.092822e+02
2623          	3.092822e+02
2624          	3.092823e+02
2625          	3.092824e+02
2626          	3.092824e+02
2627          	3.092825e+02
2628          	3.092826e+02
2629          	3.092826e+02
2630          	3.092827e+02
2631          	3.092828e+02
2632          	3.092828e+02
2633          	3.092829e+02
2634          	3.092830e+02
2635          	3.092830e+02
2636          	3.092831e+02
2637          	3.092832e+02
2638          	3.092833e+02
2639          	3.092833e+02
2640          	3.092834e+02
2641          	3.092835e+02
2642          	3.092835e+02
2643          	3.092836e+02
2644          	3.092837e+02
2645          	3.092838e+02
2646          	3.092838e+02
2647          	3.092839e+02
2648          	3.092840e+02
2649          	3.092841e+02
2650          	3.092842e+02
2651          	3.092843e+02
2652          	3.092843e+02
2653          	3.092844e+02
2654          	3.092845e+02
2655          	3.092846e+02
2656          	3.092847e+02
2657          	3.092848e+02
2658          	3.092848e+02
2659          	3.092849e+02
2660          	3.092850e+02
2661          	3.092851e+02
2662          	3.092852e+02
2663          	3.092853e+02
2664          	3.092853e+02
2665          	3.092854e+02
2666          	3.092855e+02
2667          	3.092856e+02
2668          	3.092856e+02
2669          	3.092857e+02
2670          	3.092858e+02
2671          	3.092859e+02
2672          	3.092859e+02
2673          	3.092860e+02
2674          	3.092861e+02
2675          	3.092861e+02
2676          	3.092862e+02
2677          	3.092862e+02
2678          	3.092863e+02
2679          	3.092864e+02
2680          	3.092864e+02
2681          	3.092865e+02
2682          	3.092865e+02
2683          	3.092866e+02
2684          	3.092866e+02
2685          	3.092866e+02
2686          	3.092867e+02
2687          	3.092867e+02
2688          	3.092868e+02
2689          	3.092868e+02
2690          	3.092868e+02
2691          	3.092869e+02
2692          	3.092869e+02
2693          	3.092869e+02
2694          	3.092869e+02
2695          	3.092870e+02
2696          	3.092870e+02
2697          	3.092870e+02
2698          	3.092870e+02
2699          	3.092870e+02
2700          	3.092870e+02
2701          	3.092870e+02
2702          	3.092870e+02
2703          	3.092871e+02
2704          	3.092871e+02
2705          	3.092871e+02
2706          	3.092871e+02
2707          	3.092870e+02
2708          	3.092870e+02
2709          	3.092870e+02
2710          	3.092870e+02
2711          	3.092870e+02
2712          	3.092870e+02
2713          	3.092870e+02
2714          	3.092870e+02
2715          	3.092869e+02
2716          	3.092869e+02
2717          	3.092869e+02
2718          	3.092869e+02
2719          	3.092868e+02
2720          	3.092868e+02
2721          	3.092868e+02
2722          	3.092868e+02
2723          	3.092868e+02
2724          	3.092867e+02
2725          	3.092867e+02
2726          	3.092867e+02
2727          	3.092867e+02
2728          	3.092867e+02
2729          	3.092866e+02
2730          	3.092866e+02
2731          	3.092866e+02
2732          	3.092866e+02
2733          	3.092866e+02
2734          	3.092866e+02
2735          	3.092866e+02
2736          	3.092866e+02
2737          	3.092866e+02
2738          	3.092866e+02
2739          	3.092866e+02
2740          	3.092867e+02
2741          	3.092867e+02
2742          	3.092867e+02
2743          	3.092867e+02
2744          	3.092868e+02
2745          	3.092868e+02
2746          	3.092869e+02
2747          	3.092869e+02
2748          	3.092869e+02
2749          	3.092870e+02
2750          	3.092870e+02
2751          	3.092871e+02
2752          	3.092872e+02
2753          	3.092872e+02
2754          	3.092873e+02
2755          	3.092873e+02
2756          	3.092874e+02
2757          	3.092875e+02
2758          	3.092876e+02
2759          	3.092876e+02
2760          	3.092877e+02
2761          	3.092878e+02
2762          	3.092879e+02
2763          	3.092879e+02
2764          	3.092880e+02
2765          	3.092881e+02
2766          	3.092882e+02
2767          	3.092883e+02
2768          	3.092883e+02
2769          	3.092884e+02
2770          	3.092885e+02
2771          	3.092886e+02
2772          	3.092886e+02
2773          	3.092887e+02
2774          	3.092888e+02
2775          	3.092889e+02
2776          	3.092889e+02
2777          	3.092890e+02
2778          	3.092891e+02
2779          	3.092891e+02
2780          	3.092892e+02
2781          	3.092892e+02
2782          	3.092893e+02
2783          	3.092893e+02
2784          	3.092894e+02
2785          	3.092894e+02
2786          	3.092895e+02
2787          	3.092895e+02
2788          	3.092896e+02
2789          	3.092896e+02
2790          	3.092897e+02
2791          	3.092897e+02
2792          	3.092898e+02
2793          	3.092898e+02
2794          	3.092899e+02
2795          	3.092899e+02
2796          	3.092900e+02
2797          	3.092900e+02
2798          	3.092900e+02
2799          	3.092901e+02
2800          	3.092901e+02
2801          	3.092902e+02
2802          	3.092902e+02
2803          	3.092903e+02
2804          	3.092903e+02
2805          	3.092903e+02
2806          	3.092904e+02
2807          	3.092904e+02
2808          	3.092905e+02
2809          	3.092905e+02
2810          	3.092905e+02
2811          	3.092906e+02
2812          	3.092906e+02
2813          	3.092907e+02
2814          	3.092907e+02
2815          	3.092907e+02
2816          	3.092908e+02
2817          	3.092908e+02
2818          	3.092908e+02
2819          	3.092909e+02
2820          	3.092909e+02
2821          	3.092909e+02
2822          	3.092910e+02
2823          	3.092910e+02
2824          	3.092910e+02
2825          	3.092911e+02
2826          	3.092911e+02
2827          	3.092911e+02
2828          	3.092912e+02
2829          	3.092912e+02
2830          	3.092912e+02
2831          	3.092913e+02
2832          	3.092913e+02
2833          	3.092913e+02
2834          	3.092913e+02
2835          	3.092914e+02
2836          	3.092914e+02
2837          	3.092914e+02
2838          	3.092914e+02
2839          	3.092914e+02
2840          	3.092915e+02
2841          	3.092915e+02
2842          	3.092915e+02
2843          	3.092915e+02
2844          	3.092915e+02
2845          	3.092916e+02
2846          	3.092916e+02
2847          	3.092916e+02
2848          	3.092916e+02
2849          	3.092916e+02
2850          	3.092916e+02
2851          	3.092916e+02
2852          	3.092916e+02
2853          	3.092916e+02
2854          	3.092916e+02
2855          	3.092916e+02
2856          	3.092916e+02
2857          	3.092916e+02
2858          	3.092916e+02
2859          	3.092916e+02
2860          	3.092916e+02
2861          	3.092915e+02
2862          	3.092915e+02
2863          	3.092915e+02
2864          	3.092914e+02
2865          	3.092914e+02
2866          	3.092914e+02
2867          	3.092913e+02
2868          	3.092913e+02
2869          	3.092912e+02
2870          	3.092912e+02
2871          	3.092911e+02
2872          	3.092910e+02
2873          	3.092910e+02
2874          	3.092909e+02
2875          	3.092908e+02
2876          	3.092907e+02
2877          	3.092906e+02
2878          	3.092906e+02
2879          	3.092905e+02
2880          	3.092904e+02
2881          	3.092903e+02
2882          	3.092902e+02
2883          	3.092901e+02
2884          	3.092900e+02
2885          	3.092899e+02
2886          	3.092898e+02
2887          	3.092897e+02
2888          	3.092896e+02
2889          	3.092895e+02
2890          	3.092894e+02
2891          	3.092894e+02
2892          	3.092893e+02
2893          	3.092892e+02
2894          	3.092891e+02
2895          	3.092890e+02
2896          	3.092889e+02
2897          	3.092888e+02
2898          	3.092887e+02
2899          	3.092886e+02
2900          	3.092886e+02
2901          	3.092885e+02
2902          	3.092884e+02
2903          	3.092883e+02
2904          	3.092882e+02
2905          	3.092882e+02
2906          	3.092881e+02
2907          	3.092880e+02
2908          	3.092880e+02
2909          	3.092879e+02
2910          	3.092879e+02
2911          	3.092878e+02
2912          	3.092878e+02
2913          	3.092877e+02
2914          	3.092877e+02
2915          	3.092877e+02
2916          	3.092876e+02
2917          	3.092876e+02
2918          	3.092876e+02
2919          	3.092876e+02
2920          	3.092875e+02
2921          	3.092875e+02
2922          	3.092875e+02
2923          	3.092875e+02
2924          	3.092875e+02
2925          	3.092875e+02
2926          	3.092876e+02
2927          	3.092876e+02
2928          	3.092876e+02
2929          	3.092876e+02
2930          	3.092877e+02
2931          	3.092877e+02
2932          	3.092878e+02
2933          	3.092878e+02
2934          	3.092879e+02
2935          	3.092879e+02
2936          	3.092880e+02
2937          	3.092880e+02
2938          	3.092881e+02
2939          	3.092882e+02
2940          	3.092883e+02
2941          	3.092884e+02
2942          	3.092884e+02
2943          	3.092885e+02
2944          	3.092886e+02
2945          	3.092887e+02
2946          	3.092888e+02
2947          	3.092889e+02
2948          	3.092890e+02
2949          	3.092891e+02
2950          	3.092892e+02
2951          	3.092893e+02
2952          	3.092895e+02
2953          	3.092896e+02
2954          	3.092897e+02
2955          	3.092898e+02
2956          	3.092899e+02
2957          	3.092900e+02
2958          	3.092902e+02
2959          	3.092903e+02
2960          	3.092904e+02
2961          	3.092905e+02
2962          	3.092906e+02
2963          	3.092907e+02
2964          	3.092908e+02
2965          	3.092909e+02
2966          	3.092910e+02
2967          	3.092911e+02
2968          	3.092913e+02
2969          	3.092914e+02
2970          	3.092915e+02
2971          	3.092915e+02
2972          	3.092916e+02
2973          	3.092917e+02
2974          	3.092918e+02
2975          	3.092919e+02
2976          	3.092920e+02
2977          	3.092921e+02
2978          	3.092922e+02
2979          	3.092922e+02
2980          	3.092923e+02
2981          	3.092924e+02
2982          	3.092925e+02
2983          	3.092925e+02
2984          	3.092926e+02
2985          	3.092927e+02
2986          	3.092927e+02
2987          	3.092928e+02
2988          	3.092929e+02
2989          	3.092929e+02
2990          	3.092930e+02
2991          	3.092930e+02
2992          	3.092931e+02
2993          	3.092931e+02
2994          	3.092932e+02
2995          	3.092932e+02
2996          	3.092933e+02
2997          	3.092933e+02
2998          	3.092934e+02
2999          	3.092934e+02
3000          	3.092935e+02
