# Region      : all 
# Cells       : 298902
# Volume      : 2.872800e-05
# Time        	volAverage(T)
1             	2.973338e+02
2             	2.972422e+02
3             	2.974734e+02
4             	2.975559e+02
5             	2.977295e+02
6             	2.978607e+02
7             	2.980083e+02
8             	2.981439e+02
9             	2.982804e+02
10            	2.984116e+02
11            	2.985402e+02
12            	2.986652e+02
13            	2.987872e+02
14            	2.989060e+02
15            	2.990219e+02
16            	2.991350e+02
17            	2.992453e+02
18            	2.993530e+02
19            	2.994583e+02
20            	2.995611e+02
21            	2.996617e+02
22            	2.997600e+02
23            	2.998562e+02
24            	2.999502e+02
25            	3.000422e+02
26            	3.001322e+02
27            	3.002203e+02
28            	3.003065e+02
29            	3.003909e+02
30            	3.004735e+02
31            	3.005544e+02
32            	3.006336e+02
33            	3.007112e+02
34            	3.007872e+02
35            	3.008617e+02
36            	3.009348e+02
37            	3.010064e+02
38            	3.010766e+02
39            	3.011454e+02
40            	3.012130e+02
41            	3.012792e+02
42            	3.013443e+02
43            	3.014080e+02
44            	3.014706e+02
45            	3.015320e+02
46            	3.015923e+02
47            	3.016515e+02
48            	3.017097e+02
49            	3.017667e+02
50            	3.018227e+02
51            	3.018777e+02
52            	3.019317e+02
53            	3.019846e+02
54            	3.020367e+02
55            	3.020877e+02
56            	3.021379e+02
57            	3.021871e+02
58            	3.022354e+02
59            	3.022828e+02
60            	3.023294e+02
61            	3.023751e+02
62            	3.024200e+02
63            	3.024641e+02
64            	3.025073e+02
65            	3.025498e+02
66            	3.025915e+02
67            	3.026324e+02
68            	3.026725e+02
69            	3.027120e+02
70            	3.027507e+02
71            	3.027887e+02
72            	3.028260e+02
73            	3.028627e+02
74            	3.028988e+02
75            	3.029342e+02
76            	3.029689e+02
77            	3.030031e+02
78            	3.030367e+02
79            	3.030697e+02
80            	3.031022e+02
81            	3.031341e+02
82            	3.031655e+02
83            	3.031964e+02
84            	3.032268e+02
85            	3.032567e+02
86            	3.032862e+02
87            	3.033152e+02
88            	3.033437e+02
89            	3.033719e+02
90            	3.033995e+02
91            	3.034268e+02
92            	3.034536e+02
93            	3.034801e+02
94            	3.035061e+02
95            	3.035318e+02
96            	3.035570e+02
97            	3.035819e+02
98            	3.036064e+02
99            	3.036306e+02
100           	3.036544e+02
101           	3.036779e+02
102           	3.037010e+02
103           	3.037238e+02
104           	3.037463e+02
105           	3.037684e+02
106           	3.037903e+02
107           	3.038118e+02
108           	3.038331e+02
109           	3.038540e+02
110           	3.038746e+02
111           	3.038950e+02
112           	3.039150e+02
113           	3.039348e+02
114           	3.039543e+02
115           	3.039736e+02
116           	3.039926e+02
117           	3.040113e+02
118           	3.040297e+02
119           	3.040479e+02
120           	3.040659e+02
121           	3.040836e+02
122           	3.041011e+02
123           	3.041184e+02
124           	3.041354e+02
125           	3.041522e+02
126           	3.041688e+02
127           	3.041852e+02
128           	3.042014e+02
129           	3.042174e+02
130           	3.042331e+02
131           	3.042487e+02
132           	3.042640e+02
133           	3.042792e+02
134           	3.042942e+02
135           	3.043090e+02
136           	3.043236e+02
137           	3.043381e+02
138           	3.043524e+02
139           	3.043665e+02
140           	3.043804e+02
141           	3.043942e+02
142           	3.044079e+02
143           	3.044213e+02
144           	3.044347e+02
145           	3.044478e+02
146           	3.044609e+02
147           	3.044737e+02
148           	3.044864e+02
149           	3.044990e+02
150           	3.045114e+02
151           	3.045237e+02
152           	3.045359e+02
153           	3.045479e+02
154           	3.045598e+02
155           	3.045716e+02
156           	3.045833e+02
157           	3.045948e+02
158           	3.046063e+02
159           	3.046176e+02
160           	3.046288e+02
161           	3.046398e+02
162           	3.046508e+02
163           	3.046616e+02
164           	3.046724e+02
165           	3.046830e+02
166           	3.046935e+02
167           	3.047039e+02
168           	3.047142e+02
169           	3.047245e+02
170           	3.047346e+02
171           	3.047446e+02
172           	3.047546e+02
173           	3.047645e+02
174           	3.047743e+02
175           	3.047840e+02
176           	3.047936e+02
177           	3.048031e+02
178           	3.048125e+02
179           	3.048218e+02
180           	3.048311e+02
181           	3.048403e+02
182           	3.048494e+02
183           	3.048585e+02
184           	3.048674e+02
185           	3.048763e+02
186           	3.048851e+02
187           	3.048939e+02
188           	3.049026e+02
189           	3.049112e+02
190           	3.049198e+02
191           	3.049283e+02
192           	3.049367e+02
193           	3.049451e+02
194           	3.049534e+02
195           	3.049617e+02
196           	3.049698e+02
197           	3.049779e+02
198           	3.049860e+02
199           	3.049940e+02
200           	3.050019e+02
201           	3.050098e+02
202           	3.050177e+02
203           	3.050255e+02
204           	3.050332e+02
205           	3.050409e+02
206           	3.050485e+02
207           	3.050561e+02
208           	3.050636e+02
209           	3.050711e+02
210           	3.050786e+02
211           	3.050859e+02
212           	3.050933e+02
213           	3.051006e+02
214           	3.051079e+02
215           	3.051151e+02
216           	3.051223e+02
217           	3.051294e+02
218           	3.051365e+02
219           	3.051436e+02
220           	3.051506e+02
221           	3.051576e+02
222           	3.051646e+02
223           	3.051715e+02
224           	3.051783e+02
225           	3.051852e+02
226           	3.051919e+02
227           	3.051987e+02
228           	3.052054e+02
229           	3.052121e+02
230           	3.052187e+02
231           	3.052253e+02
232           	3.052318e+02
233           	3.052383e+02
234           	3.052448e+02
235           	3.052512e+02
236           	3.052576e+02
237           	3.052640e+02
238           	3.052703e+02
239           	3.052767e+02
240           	3.052829e+02
241           	3.052892e+02
242           	3.052954e+02
243           	3.053016e+02
244           	3.053078e+02
245           	3.053139e+02
246           	3.053200e+02
247           	3.053261e+02
248           	3.053321e+02
249           	3.053381e+02
250           	3.053441e+02
251           	3.053501e+02
252           	3.053560e+02
253           	3.053619e+02
254           	3.053678e+02
255           	3.053737e+02
256           	3.053795e+02
257           	3.053853e+02
258           	3.053911e+02
259           	3.053969e+02
260           	3.054026e+02
261           	3.054083e+02
262           	3.054140e+02
263           	3.054197e+02
264           	3.054254e+02
265           	3.054310e+02
266           	3.054366e+02
267           	3.054422e+02
268           	3.054478e+02
269           	3.054533e+02
270           	3.054588e+02
271           	3.054643e+02
272           	3.054698e+02
273           	3.054753e+02
274           	3.054808e+02
275           	3.054862e+02
276           	3.054916e+02
277           	3.054970e+02
278           	3.055024e+02
279           	3.055078e+02
280           	3.055131e+02
281           	3.055185e+02
282           	3.055238e+02
283           	3.055291e+02
284           	3.055343e+02
285           	3.055396e+02
286           	3.055448e+02
287           	3.055500e+02
288           	3.055552e+02
289           	3.055604e+02
290           	3.055656e+02
291           	3.055708e+02
292           	3.055759e+02
293           	3.055810e+02
294           	3.055861e+02
295           	3.055912e+02
296           	3.055962e+02
297           	3.056013e+02
298           	3.056063e+02
299           	3.056113e+02
300           	3.056163e+02
301           	3.056213e+02
302           	3.056262e+02
303           	3.056312e+02
304           	3.056361e+02
305           	3.056411e+02
306           	3.056460e+02
307           	3.056508e+02
308           	3.056557e+02
309           	3.056606e+02
310           	3.056654e+02
311           	3.056702e+02
312           	3.056750e+02
313           	3.056798e+02
314           	3.056846e+02
315           	3.056893e+02
316           	3.056940e+02
317           	3.056988e+02
318           	3.057035e+02
319           	3.057082e+02
320           	3.057129e+02
321           	3.057175e+02
322           	3.057222e+02
323           	3.057268e+02
324           	3.057315e+02
325           	3.057361e+02
326           	3.057407e+02
327           	3.057453e+02
328           	3.057498e+02
329           	3.057544e+02
330           	3.057589e+02
331           	3.057635e+02
332           	3.057680e+02
333           	3.057725e+02
334           	3.057770e+02
335           	3.057814e+02
336           	3.057859e+02
337           	3.057903e+02
338           	3.057948e+02
339           	3.057992e+02
340           	3.058036e+02
341           	3.058079e+02
342           	3.058123e+02
343           	3.058167e+02
344           	3.058210e+02
345           	3.058253e+02
346           	3.058296e+02
347           	3.058339e+02
348           	3.058382e+02
349           	3.058425e+02
350           	3.058467e+02
351           	3.058510e+02
352           	3.058552e+02
353           	3.058594e+02
354           	3.058636e+02
355           	3.058678e+02
356           	3.058720e+02
357           	3.058762e+02
358           	3.058803e+02
359           	3.058845e+02
360           	3.058886e+02
361           	3.058927e+02
362           	3.058968e+02
363           	3.059009e+02
364           	3.059050e+02
365           	3.059090e+02
366           	3.059131e+02
367           	3.059171e+02
368           	3.059211e+02
369           	3.059251e+02
370           	3.059291e+02
371           	3.059331e+02
372           	3.059371e+02
373           	3.059410e+02
374           	3.059450e+02
375           	3.059489e+02
376           	3.059528e+02
377           	3.059567e+02
378           	3.059606e+02
379           	3.059645e+02
380           	3.059683e+02
381           	3.059722e+02
382           	3.059760e+02
383           	3.059798e+02
384           	3.059836e+02
385           	3.059874e+02
386           	3.059912e+02
387           	3.059950e+02
388           	3.059987e+02
389           	3.060025e+02
390           	3.060062e+02
391           	3.060099e+02
392           	3.060136e+02
393           	3.060173e+02
394           	3.060210e+02
395           	3.060247e+02
396           	3.060283e+02
397           	3.060320e+02
398           	3.060356e+02
399           	3.060392e+02
400           	3.060428e+02
401           	3.060464e+02
402           	3.060500e+02
403           	3.060536e+02
404           	3.060571e+02
405           	3.060607e+02
406           	3.060642e+02
407           	3.060677e+02
408           	3.060712e+02
409           	3.060747e+02
410           	3.060782e+02
411           	3.060817e+02
412           	3.060851e+02
413           	3.060886e+02
414           	3.060920e+02
415           	3.060954e+02
416           	3.060988e+02
417           	3.061022e+02
418           	3.061056e+02
419           	3.061090e+02
420           	3.061124e+02
421           	3.061157e+02
422           	3.061190e+02
423           	3.061224e+02
424           	3.061257e+02
425           	3.061290e+02
426           	3.061323e+02
427           	3.061356e+02
428           	3.061389e+02
429           	3.061421e+02
430           	3.061454e+02
431           	3.061486e+02
432           	3.061519e+02
433           	3.061551e+02
434           	3.061583e+02
435           	3.061615e+02
436           	3.061647e+02
437           	3.061678e+02
438           	3.061710e+02
439           	3.061742e+02
440           	3.061773e+02
441           	3.061804e+02
442           	3.061836e+02
443           	3.061867e+02
444           	3.061898e+02
445           	3.061928e+02
446           	3.061959e+02
447           	3.061990e+02
448           	3.062020e+02
449           	3.062051e+02
450           	3.062081e+02
451           	3.062111e+02
452           	3.062141e+02
453           	3.062171e+02
454           	3.062201e+02
455           	3.062231e+02
456           	3.062261e+02
457           	3.062290e+02
458           	3.062320e+02
459           	3.062349e+02
460           	3.062378e+02
461           	3.062407e+02
462           	3.062436e+02
463           	3.062465e+02
464           	3.062494e+02
465           	3.062523e+02
466           	3.062551e+02
467           	3.062579e+02
468           	3.062608e+02
469           	3.062636e+02
470           	3.062664e+02
471           	3.062692e+02
472           	3.062720e+02
473           	3.062748e+02
474           	3.062775e+02
475           	3.062803e+02
476           	3.062830e+02
477           	3.062858e+02
478           	3.062885e+02
479           	3.062912e+02
480           	3.062939e+02
481           	3.062966e+02
482           	3.062993e+02
483           	3.063020e+02
484           	3.063047e+02
485           	3.063073e+02
486           	3.063100e+02
487           	3.063126e+02
488           	3.063152e+02
489           	3.063178e+02
490           	3.063205e+02
491           	3.063231e+02
492           	3.063257e+02
493           	3.063282e+02
494           	3.063308e+02
495           	3.063334e+02
496           	3.063359e+02
497           	3.063385e+02
498           	3.063410e+02
499           	3.063435e+02
500           	3.063461e+02
501           	3.063486e+02
502           	3.063511e+02
503           	3.063535e+02
504           	3.063560e+02
505           	3.063585e+02
506           	3.063610e+02
507           	3.063634e+02
508           	3.063659e+02
509           	3.063683e+02
510           	3.063707e+02
511           	3.063731e+02
512           	3.063755e+02
513           	3.063779e+02
514           	3.063803e+02
515           	3.063827e+02
516           	3.063850e+02
517           	3.063874e+02
518           	3.063898e+02
519           	3.063921e+02
520           	3.063944e+02
521           	3.063967e+02
522           	3.063991e+02
523           	3.064014e+02
524           	3.064037e+02
525           	3.064059e+02
526           	3.064082e+02
527           	3.064105e+02
528           	3.064127e+02
529           	3.064150e+02
530           	3.064172e+02
531           	3.064195e+02
532           	3.064217e+02
533           	3.064239e+02
534           	3.064261e+02
535           	3.064283e+02
536           	3.064305e+02
537           	3.064327e+02
538           	3.064348e+02
539           	3.064370e+02
540           	3.064392e+02
541           	3.064413e+02
542           	3.064434e+02
543           	3.064456e+02
544           	3.064477e+02
545           	3.064498e+02
546           	3.064519e+02
547           	3.064540e+02
548           	3.064561e+02
549           	3.064582e+02
550           	3.064602e+02
551           	3.064623e+02
552           	3.064644e+02
553           	3.064664e+02
554           	3.064684e+02
555           	3.064705e+02
556           	3.064725e+02
557           	3.064745e+02
558           	3.064765e+02
559           	3.064785e+02
560           	3.064805e+02
561           	3.064825e+02
562           	3.064845e+02
563           	3.064864e+02
564           	3.064884e+02
565           	3.064903e+02
566           	3.064923e+02
567           	3.064942e+02
568           	3.064961e+02
569           	3.064980e+02
570           	3.065000e+02
571           	3.065019e+02
572           	3.065037e+02
573           	3.065056e+02
574           	3.065075e+02
575           	3.065094e+02
576           	3.065113e+02
577           	3.065131e+02
578           	3.065150e+02
579           	3.065168e+02
580           	3.065186e+02
581           	3.065205e+02
582           	3.065223e+02
583           	3.065241e+02
584           	3.065259e+02
585           	3.065277e+02
586           	3.065295e+02
587           	3.065313e+02
588           	3.065331e+02
589           	3.065348e+02
590           	3.065366e+02
591           	3.065383e+02
592           	3.065401e+02
593           	3.065418e+02
594           	3.065436e+02
595           	3.065453e+02
596           	3.065470e+02
597           	3.065487e+02
598           	3.065504e+02
599           	3.065521e+02
600           	3.065538e+02
601           	3.065555e+02
602           	3.065572e+02
603           	3.065589e+02
604           	3.065605e+02
605           	3.065622e+02
606           	3.065639e+02
607           	3.065655e+02
608           	3.065671e+02
609           	3.065688e+02
610           	3.065704e+02
611           	3.065720e+02
612           	3.065736e+02
613           	3.065752e+02
614           	3.065768e+02
615           	3.065784e+02
616           	3.065800e+02
617           	3.065816e+02
618           	3.065832e+02
619           	3.065847e+02
620           	3.065863e+02
621           	3.065878e+02
622           	3.065894e+02
623           	3.065909e+02
624           	3.065925e+02
625           	3.065940e+02
626           	3.065955e+02
627           	3.065970e+02
628           	3.065985e+02
629           	3.066000e+02
630           	3.066015e+02
631           	3.066030e+02
632           	3.066045e+02
633           	3.066059e+02
634           	3.066074e+02
635           	3.066089e+02
636           	3.066103e+02
637           	3.066118e+02
638           	3.066132e+02
639           	3.066146e+02
640           	3.066160e+02
641           	3.066175e+02
642           	3.066189e+02
643           	3.066203e+02
644           	3.066217e+02
645           	3.066230e+02
646           	3.066244e+02
647           	3.066258e+02
648           	3.066272e+02
649           	3.066285e+02
650           	3.066299e+02
651           	3.066312e+02
652           	3.066326e+02
653           	3.066339e+02
654           	3.066352e+02
655           	3.066365e+02
656           	3.066378e+02
657           	3.066391e+02
658           	3.066404e+02
659           	3.066417e+02
660           	3.066430e+02
661           	3.066443e+02
662           	3.066456e+02
663           	3.066468e+02
664           	3.066481e+02
665           	3.066493e+02
666           	3.066506e+02
667           	3.066518e+02
668           	3.066531e+02
669           	3.066543e+02
670           	3.066555e+02
671           	3.066567e+02
672           	3.066579e+02
673           	3.066591e+02
674           	3.066603e+02
675           	3.066615e+02
676           	3.066627e+02
677           	3.066639e+02
678           	3.066651e+02
679           	3.066662e+02
680           	3.066674e+02
681           	3.066685e+02
682           	3.066697e+02
683           	3.066708e+02
684           	3.066720e+02
685           	3.066731e+02
686           	3.066742e+02
687           	3.066754e+02
688           	3.066765e+02
689           	3.066776e+02
690           	3.066787e+02
691           	3.066798e+02
692           	3.066809e+02
693           	3.066820e+02
694           	3.066831e+02
695           	3.066841e+02
696           	3.066852e+02
697           	3.066863e+02
698           	3.066873e+02
699           	3.066884e+02
700           	3.066895e+02
701           	3.066905e+02
702           	3.066916e+02
703           	3.066926e+02
704           	3.066936e+02
705           	3.066947e+02
706           	3.066957e+02
707           	3.066967e+02
708           	3.066977e+02
709           	3.066988e+02
710           	3.066998e+02
711           	3.067008e+02
712           	3.067018e+02
713           	3.067027e+02
714           	3.067037e+02
715           	3.067047e+02
716           	3.067057e+02
717           	3.067067e+02
718           	3.067076e+02
719           	3.067086e+02
720           	3.067095e+02
721           	3.067105e+02
722           	3.067114e+02
723           	3.067124e+02
724           	3.067133e+02
725           	3.067142e+02
726           	3.067152e+02
727           	3.067161e+02
728           	3.067170e+02
729           	3.067179e+02
730           	3.067188e+02
731           	3.067197e+02
732           	3.067206e+02
733           	3.067215e+02
734           	3.067224e+02
735           	3.067233e+02
736           	3.067242e+02
737           	3.067251e+02
738           	3.067260e+02
739           	3.067268e+02
740           	3.067277e+02
741           	3.067286e+02
742           	3.067294e+02
743           	3.067303e+02
744           	3.067312e+02
745           	3.067320e+02
746           	3.067329e+02
747           	3.067337e+02
748           	3.067345e+02
749           	3.067354e+02
750           	3.067362e+02
751           	3.067370e+02
752           	3.067379e+02
753           	3.067387e+02
754           	3.067395e+02
755           	3.067403e+02
756           	3.067412e+02
757           	3.067420e+02
758           	3.067428e+02
759           	3.067436e+02
760           	3.067444e+02
761           	3.067452e+02
762           	3.067460e+02
763           	3.067468e+02
764           	3.067475e+02
765           	3.067483e+02
766           	3.067491e+02
767           	3.067499e+02
768           	3.067507e+02
769           	3.067514e+02
770           	3.067522e+02
771           	3.067530e+02
772           	3.067537e+02
773           	3.067545e+02
774           	3.067553e+02
775           	3.067560e+02
776           	3.067568e+02
777           	3.067575e+02
778           	3.067583e+02
779           	3.067590e+02
780           	3.067598e+02
781           	3.067605e+02
782           	3.067613e+02
783           	3.067620e+02
784           	3.067627e+02
785           	3.067635e+02
786           	3.067642e+02
787           	3.067649e+02
788           	3.067656e+02
789           	3.067663e+02
790           	3.067670e+02
791           	3.067677e+02
792           	3.067684e+02
793           	3.067691e+02
794           	3.067698e+02
795           	3.067705e+02
796           	3.067712e+02
797           	3.067718e+02
798           	3.067725e+02
799           	3.067732e+02
800           	3.067738e+02
801           	3.067745e+02
802           	3.067752e+02
803           	3.067758e+02
804           	3.067764e+02
805           	3.067771e+02
806           	3.067777e+02
807           	3.067783e+02
808           	3.067790e+02
809           	3.067796e+02
810           	3.067802e+02
811           	3.067808e+02
812           	3.067814e+02
813           	3.067820e+02
814           	3.067826e+02
815           	3.067832e+02
816           	3.067838e+02
817           	3.067843e+02
818           	3.067849e+02
819           	3.067855e+02
820           	3.067861e+02
821           	3.067866e+02
822           	3.067872e+02
823           	3.067877e+02
824           	3.067883e+02
825           	3.067888e+02
826           	3.067894e+02
827           	3.067899e+02
828           	3.067905e+02
829           	3.067910e+02
830           	3.067915e+02
831           	3.067921e+02
832           	3.067926e+02
833           	3.067931e+02
834           	3.067936e+02
835           	3.067942e+02
836           	3.067947e+02
837           	3.067952e+02
838           	3.067957e+02
839           	3.067962e+02
840           	3.067967e+02
841           	3.067972e+02
842           	3.067977e+02
843           	3.067982e+02
844           	3.067987e+02
845           	3.067992e+02
846           	3.067997e+02
847           	3.068002e+02
848           	3.068007e+02
849           	3.068012e+02
850           	3.068017e+02
851           	3.068021e+02
852           	3.068026e+02
853           	3.068031e+02
854           	3.068035e+02
855           	3.068040e+02
856           	3.068044e+02
857           	3.068049e+02
858           	3.068053e+02
859           	3.068058e+02
860           	3.068062e+02
861           	3.068067e+02
862           	3.068071e+02
863           	3.068075e+02
864           	3.068080e+02
865           	3.068084e+02
866           	3.068088e+02
867           	3.068092e+02
868           	3.068097e+02
869           	3.068101e+02
870           	3.068105e+02
871           	3.068109e+02
872           	3.068114e+02
873           	3.068118e+02
874           	3.068122e+02
875           	3.068126e+02
876           	3.068130e+02
877           	3.068135e+02
878           	3.068139e+02
879           	3.068143e+02
880           	3.068147e+02
881           	3.068151e+02
882           	3.068155e+02
883           	3.068159e+02
884           	3.068163e+02
885           	3.068168e+02
886           	3.068172e+02
887           	3.068176e+02
888           	3.068180e+02
889           	3.068184e+02
890           	3.068188e+02
891           	3.068192e+02
892           	3.068196e+02
893           	3.068200e+02
894           	3.068204e+02
895           	3.068208e+02
896           	3.068212e+02
897           	3.068216e+02
898           	3.068220e+02
899           	3.068224e+02
900           	3.068228e+02
901           	3.068232e+02
902           	3.068236e+02
903           	3.068240e+02
904           	3.068244e+02
905           	3.068247e+02
906           	3.068251e+02
907           	3.068255e+02
908           	3.068259e+02
909           	3.068262e+02
910           	3.068266e+02
911           	3.068270e+02
912           	3.068273e+02
913           	3.068277e+02
914           	3.068280e+02
915           	3.068283e+02
916           	3.068287e+02
917           	3.068290e+02
918           	3.068293e+02
919           	3.068296e+02
920           	3.068300e+02
921           	3.068303e+02
922           	3.068306e+02
923           	3.068309e+02
924           	3.068312e+02
925           	3.068315e+02
926           	3.068317e+02
927           	3.068320e+02
928           	3.068323e+02
929           	3.068326e+02
930           	3.068328e+02
931           	3.068331e+02
932           	3.068334e+02
933           	3.068336e+02
934           	3.068339e+02
935           	3.068341e+02
936           	3.068343e+02
937           	3.068346e+02
938           	3.068348e+02
939           	3.068350e+02
940           	3.068353e+02
941           	3.068355e+02
942           	3.068357e+02
943           	3.068359e+02
944           	3.068361e+02
945           	3.068363e+02
946           	3.068365e+02
947           	3.068367e+02
948           	3.068369e+02
949           	3.068371e+02
950           	3.068372e+02
951           	3.068374e+02
952           	3.068376e+02
953           	3.068378e+02
954           	3.068379e+02
955           	3.068381e+02
956           	3.068382e+02
957           	3.068384e+02
958           	3.068386e+02
959           	3.068387e+02
960           	3.068389e+02
961           	3.068390e+02
962           	3.068392e+02
963           	3.068393e+02
964           	3.068395e+02
965           	3.068396e+02
966           	3.068398e+02
967           	3.068400e+02
968           	3.068401e+02
969           	3.068403e+02
970           	3.068404e+02
971           	3.068406e+02
972           	3.068407e+02
973           	3.068409e+02
974           	3.068410e+02
975           	3.068412e+02
976           	3.068414e+02
977           	3.068415e+02
978           	3.068417e+02
979           	3.068418e+02
980           	3.068420e+02
981           	3.068421e+02
982           	3.068423e+02
983           	3.068425e+02
984           	3.068426e+02
985           	3.068428e+02
986           	3.068430e+02
987           	3.068431e+02
988           	3.068433e+02
989           	3.068434e+02
990           	3.068436e+02
991           	3.068438e+02
992           	3.068439e+02
993           	3.068441e+02
994           	3.068443e+02
995           	3.068444e+02
996           	3.068446e+02
997           	3.068448e+02
998           	3.068450e+02
999           	3.068451e+02
1000          	3.068453e+02
1001          	3.068455e+02
1002          	3.068457e+02
1003          	3.068458e+02
1004          	3.068460e+02
1005          	3.068462e+02
1006          	3.068464e+02
1007          	3.068466e+02
1008          	3.068468e+02
1009          	3.068470e+02
1010          	3.068472e+02
1011          	3.068473e+02
1012          	3.068475e+02
1013          	3.068477e+02
1014          	3.068479e+02
1015          	3.068481e+02
1016          	3.068483e+02
1017          	3.068485e+02
1018          	3.068487e+02
1019          	3.068489e+02
1020          	3.068491e+02
1021          	3.068493e+02
1022          	3.068496e+02
1023          	3.068498e+02
1024          	3.068500e+02
1025          	3.068502e+02
1026          	3.068504e+02
1027          	3.068506e+02
1028          	3.068508e+02
1029          	3.068511e+02
1030          	3.068513e+02
1031          	3.068515e+02
1032          	3.068517e+02
1033          	3.068520e+02
1034          	3.068522e+02
1035          	3.068524e+02
1036          	3.068527e+02
1037          	3.068529e+02
1038          	3.068531e+02
1039          	3.068534e+02
1040          	3.068536e+02
1041          	3.068538e+02
1042          	3.068541e+02
1043          	3.068543e+02
1044          	3.068546e+02
1045          	3.068548e+02
1046          	3.068551e+02
1047          	3.068553e+02
1048          	3.068556e+02
1049          	3.068558e+02
1050          	3.068561e+02
1051          	3.068564e+02
1052          	3.068566e+02
1053          	3.068569e+02
1054          	3.068571e+02
1055          	3.068574e+02
1056          	3.068576e+02
1057          	3.068579e+02
1058          	3.068581e+02
1059          	3.068584e+02
1060          	3.068587e+02
1061          	3.068589e+02
1062          	3.068592e+02
1063          	3.068594e+02
1064          	3.068597e+02
1065          	3.068599e+02
1066          	3.068602e+02
1067          	3.068604e+02
1068          	3.068607e+02
1069          	3.068609e+02
1070          	3.068612e+02
1071          	3.068614e+02
1072          	3.068616e+02
1073          	3.068619e+02
1074          	3.068621e+02
1075          	3.068623e+02
1076          	3.068626e+02
1077          	3.068628e+02
1078          	3.068630e+02
1079          	3.068633e+02
1080          	3.068635e+02
1081          	3.068637e+02
1082          	3.068639e+02
1083          	3.068641e+02
1084          	3.068644e+02
1085          	3.068646e+02
1086          	3.068648e+02
1087          	3.068650e+02
1088          	3.068652e+02
1089          	3.068654e+02
1090          	3.068656e+02
1091          	3.068659e+02
1092          	3.068660e+02
1093          	3.068663e+02
1094          	3.068665e+02
1095          	3.068667e+02
1096          	3.068669e+02
1097          	3.068671e+02
1098          	3.068673e+02
1099          	3.068675e+02
1100          	3.068677e+02
1101          	3.068679e+02
1102          	3.068680e+02
1103          	3.068682e+02
1104          	3.068684e+02
1105          	3.068686e+02
1106          	3.068688e+02
1107          	3.068689e+02
1108          	3.068691e+02
1109          	3.068693e+02
1110          	3.068694e+02
1111          	3.068696e+02
1112          	3.068697e+02
1113          	3.068698e+02
1114          	3.068700e+02
1115          	3.068701e+02
1116          	3.068702e+02
1117          	3.068703e+02
1118          	3.068704e+02
1119          	3.068705e+02
1120          	3.068706e+02
1121          	3.068707e+02
1122          	3.068708e+02
1123          	3.068708e+02
1124          	3.068709e+02
1125          	3.068709e+02
1126          	3.068710e+02
1127          	3.068710e+02
1128          	3.068710e+02
1129          	3.068711e+02
1130          	3.068711e+02
1131          	3.068711e+02
1132          	3.068711e+02
1133          	3.068711e+02
1134          	3.068711e+02
1135          	3.068711e+02
1136          	3.068710e+02
1137          	3.068710e+02
1138          	3.068709e+02
1139          	3.068709e+02
1140          	3.068709e+02
1141          	3.068708e+02
1142          	3.068708e+02
1143          	3.068707e+02
1144          	3.068706e+02
1145          	3.068706e+02
1146          	3.068705e+02
1147          	3.068704e+02
1148          	3.068703e+02
1149          	3.068702e+02
1150          	3.068701e+02
1151          	3.068701e+02
1152          	3.068700e+02
1153          	3.068699e+02
1154          	3.068698e+02
1155          	3.068697e+02
1156          	3.068696e+02
1157          	3.068695e+02
1158          	3.068694e+02
1159          	3.068693e+02
1160          	3.068692e+02
1161          	3.068691e+02
1162          	3.068690e+02
1163          	3.068689e+02
1164          	3.068688e+02
1165          	3.068686e+02
1166          	3.068685e+02
1167          	3.068684e+02
1168          	3.068683e+02
1169          	3.068682e+02
1170          	3.068681e+02
1171          	3.068680e+02
1172          	3.068679e+02
1173          	3.068678e+02
1174          	3.068676e+02
1175          	3.068675e+02
1176          	3.068674e+02
1177          	3.068673e+02
1178          	3.068672e+02
1179          	3.068671e+02
1180          	3.068670e+02
1181          	3.068669e+02
1182          	3.068668e+02
1183          	3.068667e+02
1184          	3.068667e+02
1185          	3.068666e+02
1186          	3.068665e+02
1187          	3.068664e+02
1188          	3.068663e+02
1189          	3.068662e+02
1190          	3.068661e+02
1191          	3.068661e+02
1192          	3.068660e+02
1193          	3.068659e+02
1194          	3.068659e+02
1195          	3.068658e+02
1196          	3.068658e+02
1197          	3.068657e+02
1198          	3.068657e+02
1199          	3.068656e+02
1200          	3.068656e+02
1201          	3.068655e+02
1202          	3.068655e+02
1203          	3.068655e+02
1204          	3.068655e+02
1205          	3.068655e+02
1206          	3.068654e+02
1207          	3.068654e+02
1208          	3.068654e+02
1209          	3.068654e+02
1210          	3.068655e+02
1211          	3.068655e+02
1212          	3.068655e+02
1213          	3.068656e+02
1214          	3.068656e+02
1215          	3.068657e+02
1216          	3.068657e+02
1217          	3.068658e+02
1218          	3.068658e+02
1219          	3.068659e+02
1220          	3.068660e+02
1221          	3.068661e+02
1222          	3.068662e+02
1223          	3.068663e+02
1224          	3.068664e+02
1225          	3.068665e+02
1226          	3.068667e+02
1227          	3.068668e+02
1228          	3.068669e+02
1229          	3.068671e+02
1230          	3.068672e+02
1231          	3.068673e+02
1232          	3.068675e+02
1233          	3.068676e+02
1234          	3.068678e+02
1235          	3.068679e+02
1236          	3.068681e+02
1237          	3.068683e+02
1238          	3.068684e+02
1239          	3.068686e+02
1240          	3.068688e+02
1241          	3.068689e+02
1242          	3.068691e+02
1243          	3.068693e+02
1244          	3.068695e+02
1245          	3.068697e+02
1246          	3.068699e+02
1247          	3.068701e+02
1248          	3.068702e+02
1249          	3.068704e+02
1250          	3.068706e+02
1251          	3.068708e+02
1252          	3.068710e+02
1253          	3.068712e+02
1254          	3.068714e+02
1255          	3.068717e+02
1256          	3.068719e+02
1257          	3.068721e+02
1258          	3.068723e+02
1259          	3.068725e+02
1260          	3.068727e+02
1261          	3.068729e+02
1262          	3.068732e+02
1263          	3.068734e+02
1264          	3.068736e+02
1265          	3.068738e+02
1266          	3.068740e+02
1267          	3.068743e+02
1268          	3.068745e+02
1269          	3.068747e+02
1270          	3.068749e+02
1271          	3.068751e+02
1272          	3.068754e+02
1273          	3.068756e+02
1274          	3.068758e+02
1275          	3.068760e+02
1276          	3.068762e+02
1277          	3.068764e+02
1278          	3.068766e+02
1279          	3.068768e+02
1280          	3.068769e+02
1281          	3.068771e+02
1282          	3.068773e+02
1283          	3.068775e+02
1284          	3.068776e+02
1285          	3.068778e+02
1286          	3.068779e+02
1287          	3.068781e+02
1288          	3.068782e+02
1289          	3.068784e+02
1290          	3.068785e+02
1291          	3.068786e+02
1292          	3.068787e+02
1293          	3.068788e+02
1294          	3.068790e+02
1295          	3.068791e+02
1296          	3.068792e+02
1297          	3.068793e+02
1298          	3.068793e+02
1299          	3.068794e+02
1300          	3.068795e+02
1301          	3.068796e+02
1302          	3.068796e+02
1303          	3.068797e+02
1304          	3.068797e+02
1305          	3.068798e+02
1306          	3.068798e+02
1307          	3.068798e+02
1308          	3.068799e+02
1309          	3.068799e+02
1310          	3.068799e+02
1311          	3.068799e+02
1312          	3.068799e+02
1313          	3.068799e+02
1314          	3.068799e+02
1315          	3.068799e+02
1316          	3.068799e+02
1317          	3.068799e+02
1318          	3.068799e+02
1319          	3.068798e+02
1320          	3.068798e+02
1321          	3.068798e+02
1322          	3.068797e+02
1323          	3.068797e+02
1324          	3.068796e+02
1325          	3.068796e+02
1326          	3.068795e+02
1327          	3.068795e+02
1328          	3.068794e+02
1329          	3.068793e+02
1330          	3.068793e+02
1331          	3.068792e+02
1332          	3.068791e+02
1333          	3.068791e+02
1334          	3.068790e+02
1335          	3.068789e+02
1336          	3.068788e+02
1337          	3.068787e+02
1338          	3.068786e+02
1339          	3.068785e+02
1340          	3.068784e+02
1341          	3.068783e+02
1342          	3.068782e+02
1343          	3.068781e+02
1344          	3.068780e+02
1345          	3.068779e+02
1346          	3.068778e+02
1347          	3.068777e+02
1348          	3.068776e+02
1349          	3.068775e+02
1350          	3.068774e+02
1351          	3.068773e+02
1352          	3.068772e+02
1353          	3.068770e+02
1354          	3.068769e+02
1355          	3.068768e+02
1356          	3.068767e+02
1357          	3.068766e+02
1358          	3.068765e+02
1359          	3.068764e+02
1360          	3.068763e+02
1361          	3.068762e+02
1362          	3.068760e+02
1363          	3.068759e+02
1364          	3.068758e+02
1365          	3.068757e+02
1366          	3.068756e+02
1367          	3.068755e+02
1368          	3.068754e+02
1369          	3.068753e+02
1370          	3.068752e+02
1371          	3.068751e+02
1372          	3.068751e+02
1373          	3.068750e+02
1374          	3.068749e+02
1375          	3.068749e+02
1376          	3.068748e+02
1377          	3.068748e+02
1378          	3.068747e+02
1379          	3.068747e+02
1380          	3.068747e+02
1381          	3.068746e+02
1382          	3.068746e+02
1383          	3.068746e+02
1384          	3.068746e+02
1385          	3.068746e+02
1386          	3.068746e+02
1387          	3.068746e+02
1388          	3.068747e+02
1389          	3.068747e+02
1390          	3.068747e+02
1391          	3.068748e+02
1392          	3.068748e+02
1393          	3.068749e+02
1394          	3.068749e+02
1395          	3.068750e+02
1396          	3.068751e+02
1397          	3.068751e+02
1398          	3.068752e+02
1399          	3.068753e+02
1400          	3.068754e+02
1401          	3.068755e+02
1402          	3.068756e+02
1403          	3.068757e+02
1404          	3.068758e+02
1405          	3.068759e+02
1406          	3.068761e+02
1407          	3.068762e+02
1408          	3.068763e+02
1409          	3.068765e+02
1410          	3.068766e+02
1411          	3.068767e+02
1412          	3.068769e+02
1413          	3.068770e+02
1414          	3.068771e+02
1415          	3.068773e+02
1416          	3.068774e+02
1417          	3.068776e+02
1418          	3.068777e+02
1419          	3.068778e+02
1420          	3.068780e+02
1421          	3.068781e+02
1422          	3.068783e+02
1423          	3.068784e+02
1424          	3.068786e+02
1425          	3.068787e+02
1426          	3.068789e+02
1427          	3.068791e+02
1428          	3.068792e+02
1429          	3.068794e+02
1430          	3.068796e+02
1431          	3.068797e+02
1432          	3.068799e+02
1433          	3.068801e+02
1434          	3.068802e+02
1435          	3.068804e+02
1436          	3.068806e+02
1437          	3.068808e+02
1438          	3.068810e+02
1439          	3.068812e+02
1440          	3.068813e+02
1441          	3.068815e+02
1442          	3.068817e+02
1443          	3.068819e+02
1444          	3.068821e+02
1445          	3.068823e+02
1446          	3.068825e+02
1447          	3.068827e+02
1448          	3.068829e+02
1449          	3.068831e+02
1450          	3.068833e+02
1451          	3.068834e+02
1452          	3.068836e+02
1453          	3.068838e+02
1454          	3.068840e+02
1455          	3.068841e+02
1456          	3.068843e+02
1457          	3.068845e+02
1458          	3.068846e+02
1459          	3.068848e+02
1460          	3.068849e+02
1461          	3.068851e+02
1462          	3.068852e+02
1463          	3.068854e+02
1464          	3.068855e+02
1465          	3.068856e+02
1466          	3.068857e+02
1467          	3.068858e+02
1468          	3.068860e+02
1469          	3.068861e+02
1470          	3.068862e+02
1471          	3.068863e+02
1472          	3.068863e+02
1473          	3.068864e+02
1474          	3.068865e+02
1475          	3.068866e+02
1476          	3.068867e+02
1477          	3.068867e+02
1478          	3.068868e+02
1479          	3.068868e+02
1480          	3.068869e+02
1481          	3.068870e+02
1482          	3.068870e+02
1483          	3.068871e+02
1484          	3.068871e+02
1485          	3.068871e+02
1486          	3.068872e+02
1487          	3.068872e+02
1488          	3.068872e+02
1489          	3.068873e+02
1490          	3.068873e+02
1491          	3.068873e+02
1492          	3.068873e+02
1493          	3.068873e+02
1494          	3.068874e+02
1495          	3.068874e+02
1496          	3.068874e+02
1497          	3.068874e+02
1498          	3.068874e+02
1499          	3.068874e+02
1500          	3.068874e+02
1501          	3.068874e+02
1502          	3.068873e+02
1503          	3.068873e+02
1504          	3.068873e+02
1505          	3.068873e+02
1506          	3.068872e+02
1507          	3.068872e+02
1508          	3.068872e+02
1509          	3.068871e+02
1510          	3.068870e+02
1511          	3.068870e+02
1512          	3.068869e+02
1513          	3.068869e+02
1514          	3.068868e+02
1515          	3.068867e+02
1516          	3.068866e+02
1517          	3.068865e+02
1518          	3.068865e+02
1519          	3.068864e+02
1520          	3.068863e+02
1521          	3.068862e+02
1522          	3.068861e+02
1523          	3.068859e+02
1524          	3.068858e+02
1525          	3.068857e+02
1526          	3.068856e+02
1527          	3.068855e+02
1528          	3.068854e+02
1529          	3.068852e+02
1530          	3.068851e+02
1531          	3.068850e+02
1532          	3.068848e+02
1533          	3.068847e+02
1534          	3.068846e+02
1535          	3.068844e+02
1536          	3.068843e+02
1537          	3.068841e+02
1538          	3.068840e+02
1539          	3.068839e+02
1540          	3.068837e+02
1541          	3.068836e+02
1542          	3.068835e+02
1543          	3.068833e+02
1544          	3.068832e+02
1545          	3.068831e+02
1546          	3.068829e+02
1547          	3.068828e+02
1548          	3.068827e+02
1549          	3.068825e+02
1550          	3.068824e+02
1551          	3.068823e+02
1552          	3.068822e+02
1553          	3.068820e+02
1554          	3.068819e+02
1555          	3.068818e+02
1556          	3.068817e+02
1557          	3.068816e+02
1558          	3.068815e+02
1559          	3.068814e+02
1560          	3.068813e+02
1561          	3.068812e+02
1562          	3.068811e+02
1563          	3.068811e+02
1564          	3.068810e+02
1565          	3.068809e+02
1566          	3.068809e+02
1567          	3.068808e+02
1568          	3.068808e+02
1569          	3.068808e+02
1570          	3.068807e+02
1571          	3.068807e+02
1572          	3.068807e+02
1573          	3.068807e+02
1574          	3.068807e+02
1575          	3.068807e+02
1576          	3.068807e+02
1577          	3.068807e+02
1578          	3.068807e+02
1579          	3.068807e+02
1580          	3.068807e+02
1581          	3.068808e+02
1582          	3.068808e+02
1583          	3.068808e+02
1584          	3.068809e+02
1585          	3.068810e+02
1586          	3.068810e+02
1587          	3.068811e+02
1588          	3.068812e+02
1589          	3.068812e+02
1590          	3.068813e+02
1591          	3.068814e+02
1592          	3.068815e+02
1593          	3.068816e+02
1594          	3.068817e+02
1595          	3.068818e+02
1596          	3.068819e+02
1597          	3.068821e+02
1598          	3.068822e+02
1599          	3.068823e+02
1600          	3.068824e+02
1601          	3.068826e+02
1602          	3.068827e+02
1603          	3.068828e+02
1604          	3.068830e+02
1605          	3.068831e+02
1606          	3.068833e+02
1607          	3.068834e+02
1608          	3.068835e+02
1609          	3.068837e+02
1610          	3.068838e+02
1611          	3.068840e+02
1612          	3.068841e+02
1613          	3.068842e+02
1614          	3.068844e+02
1615          	3.068845e+02
1616          	3.068847e+02
1617          	3.068848e+02
1618          	3.068849e+02
1619          	3.068851e+02
1620          	3.068852e+02
1621          	3.068853e+02
1622          	3.068855e+02
1623          	3.068856e+02
1624          	3.068857e+02
1625          	3.068859e+02
1626          	3.068860e+02
1627          	3.068861e+02
1628          	3.068862e+02
1629          	3.068863e+02
1630          	3.068865e+02
1631          	3.068866e+02
1632          	3.068867e+02
1633          	3.068868e+02
1634          	3.068869e+02
1635          	3.068870e+02
1636          	3.068871e+02
1637          	3.068872e+02
1638          	3.068874e+02
1639          	3.068875e+02
1640          	3.068876e+02
1641          	3.068877e+02
1642          	3.068878e+02
1643          	3.068879e+02
1644          	3.068880e+02
1645          	3.068881e+02
1646          	3.068882e+02
1647          	3.068883e+02
1648          	3.068884e+02
1649          	3.068885e+02
1650          	3.068886e+02
1651          	3.068887e+02
1652          	3.068888e+02
1653          	3.068889e+02
1654          	3.068890e+02
1655          	3.068891e+02
1656          	3.068891e+02
1657          	3.068892e+02
1658          	3.068893e+02
1659          	3.068894e+02
1660          	3.068895e+02
1661          	3.068895e+02
1662          	3.068896e+02
1663          	3.068897e+02
1664          	3.068898e+02
1665          	3.068898e+02
1666          	3.068899e+02
1667          	3.068899e+02
1668          	3.068900e+02
1669          	3.068900e+02
1670          	3.068901e+02
1671          	3.068901e+02
1672          	3.068902e+02
1673          	3.068902e+02
1674          	3.068902e+02
1675          	3.068903e+02
1676          	3.068903e+02
1677          	3.068903e+02
1678          	3.068904e+02
1679          	3.068904e+02
1680          	3.068904e+02
1681          	3.068904e+02
1682          	3.068904e+02
1683          	3.068904e+02
1684          	3.068904e+02
1685          	3.068904e+02
1686          	3.068904e+02
1687          	3.068904e+02
1688          	3.068904e+02
1689          	3.068904e+02
1690          	3.068904e+02
1691          	3.068904e+02
1692          	3.068904e+02
1693          	3.068904e+02
1694          	3.068903e+02
1695          	3.068903e+02
1696          	3.068903e+02
1697          	3.068902e+02
1698          	3.068902e+02
1699          	3.068902e+02
1700          	3.068901e+02
1701          	3.068901e+02
1702          	3.068900e+02
1703          	3.068900e+02
1704          	3.068899e+02
1705          	3.068899e+02
1706          	3.068898e+02
1707          	3.068897e+02
1708          	3.068897e+02
1709          	3.068896e+02
1710          	3.068895e+02
1711          	3.068894e+02
1712          	3.068894e+02
1713          	3.068893e+02
1714          	3.068892e+02
1715          	3.068891e+02
1716          	3.068890e+02
1717          	3.068890e+02
1718          	3.068889e+02
1719          	3.068888e+02
1720          	3.068887e+02
1721          	3.068886e+02
1722          	3.068885e+02
1723          	3.068884e+02
1724          	3.068884e+02
1725          	3.068883e+02
1726          	3.068882e+02
1727          	3.068881e+02
1728          	3.068880e+02
1729          	3.068879e+02
1730          	3.068878e+02
1731          	3.068878e+02
1732          	3.068877e+02
1733          	3.068876e+02
1734          	3.068875e+02
1735          	3.068874e+02
1736          	3.068874e+02
1737          	3.068873e+02
1738          	3.068872e+02
1739          	3.068871e+02
1740          	3.068871e+02
1741          	3.068870e+02
1742          	3.068869e+02
1743          	3.068868e+02
1744          	3.068868e+02
1745          	3.068867e+02
1746          	3.068866e+02
1747          	3.068866e+02
1748          	3.068865e+02
1749          	3.068864e+02
1750          	3.068864e+02
1751          	3.068863e+02
1752          	3.068863e+02
1753          	3.068862e+02
1754          	3.068862e+02
1755          	3.068861e+02
1756          	3.068861e+02
1757          	3.068860e+02
1758          	3.068860e+02
1759          	3.068859e+02
1760          	3.068859e+02
1761          	3.068859e+02
1762          	3.068859e+02
1763          	3.068858e+02
1764          	3.068858e+02
1765          	3.068858e+02
1766          	3.068858e+02
1767          	3.068857e+02
1768          	3.068857e+02
1769          	3.068857e+02
1770          	3.068857e+02
1771          	3.068857e+02
1772          	3.068857e+02
1773          	3.068857e+02
1774          	3.068857e+02
1775          	3.068856e+02
1776          	3.068856e+02
1777          	3.068856e+02
1778          	3.068856e+02
1779          	3.068856e+02
1780          	3.068856e+02
1781          	3.068856e+02
1782          	3.068856e+02
1783          	3.068856e+02
1784          	3.068856e+02
1785          	3.068856e+02
1786          	3.068855e+02
1787          	3.068855e+02
1788          	3.068855e+02
1789          	3.068855e+02
1790          	3.068855e+02
1791          	3.068855e+02
1792          	3.068855e+02
1793          	3.068855e+02
1794          	3.068855e+02
1795          	3.068855e+02
1796          	3.068855e+02
1797          	3.068855e+02
1798          	3.068855e+02
1799          	3.068855e+02
1800          	3.068855e+02
1801          	3.068855e+02
1802          	3.068855e+02
1803          	3.068855e+02
1804          	3.068855e+02
1805          	3.068855e+02
1806          	3.068855e+02
1807          	3.068855e+02
1808          	3.068855e+02
1809          	3.068855e+02
1810          	3.068855e+02
1811          	3.068855e+02
1812          	3.068855e+02
1813          	3.068855e+02
1814          	3.068855e+02
1815          	3.068854e+02
1816          	3.068854e+02
1817          	3.068854e+02
1818          	3.068854e+02
1819          	3.068854e+02
1820          	3.068854e+02
1821          	3.068854e+02
1822          	3.068854e+02
1823          	3.068854e+02
1824          	3.068854e+02
1825          	3.068853e+02
1826          	3.068853e+02
1827          	3.068853e+02
1828          	3.068853e+02
1829          	3.068853e+02
1830          	3.068853e+02
1831          	3.068853e+02
1832          	3.068853e+02
1833          	3.068853e+02
1834          	3.068853e+02
1835          	3.068853e+02
1836          	3.068853e+02
1837          	3.068853e+02
1838          	3.068852e+02
1839          	3.068852e+02
1840          	3.068852e+02
1841          	3.068852e+02
1842          	3.068852e+02
1843          	3.068852e+02
1844          	3.068852e+02
1845          	3.068852e+02
1846          	3.068852e+02
1847          	3.068852e+02
1848          	3.068852e+02
1849          	3.068852e+02
1850          	3.068852e+02
1851          	3.068852e+02
1852          	3.068852e+02
1853          	3.068852e+02
1854          	3.068852e+02
1855          	3.068852e+02
1856          	3.068852e+02
1857          	3.068852e+02
1858          	3.068852e+02
1859          	3.068852e+02
1860          	3.068852e+02
1861          	3.068852e+02
1862          	3.068852e+02
1863          	3.068852e+02
1864          	3.068852e+02
1865          	3.068852e+02
1866          	3.068853e+02
1867          	3.068853e+02
1868          	3.068853e+02
1869          	3.068853e+02
1870          	3.068853e+02
1871          	3.068854e+02
1872          	3.068854e+02
1873          	3.068854e+02
1874          	3.068855e+02
1875          	3.068855e+02
1876          	3.068855e+02
1877          	3.068855e+02
1878          	3.068856e+02
1879          	3.068856e+02
1880          	3.068856e+02
1881          	3.068857e+02
1882          	3.068857e+02
1883          	3.068857e+02
1884          	3.068858e+02
1885          	3.068858e+02
1886          	3.068858e+02
1887          	3.068859e+02
1888          	3.068859e+02
1889          	3.068859e+02
1890          	3.068860e+02
1891          	3.068860e+02
1892          	3.068860e+02
1893          	3.068861e+02
1894          	3.068861e+02
1895          	3.068861e+02
1896          	3.068862e+02
1897          	3.068862e+02
1898          	3.068862e+02
1899          	3.068863e+02
1900          	3.068863e+02
1901          	3.068863e+02
1902          	3.068863e+02
1903          	3.068864e+02
1904          	3.068864e+02
1905          	3.068864e+02
1906          	3.068864e+02
1907          	3.068864e+02
1908          	3.068864e+02
1909          	3.068865e+02
1910          	3.068865e+02
1911          	3.068865e+02
1912          	3.068865e+02
1913          	3.068865e+02
1914          	3.068865e+02
1915          	3.068866e+02
1916          	3.068866e+02
1917          	3.068866e+02
1918          	3.068866e+02
1919          	3.068866e+02
1920          	3.068866e+02
1921          	3.068866e+02
1922          	3.068866e+02
1923          	3.068866e+02
1924          	3.068866e+02
1925          	3.068866e+02
1926          	3.068866e+02
1927          	3.068866e+02
1928          	3.068866e+02
1929          	3.068866e+02
1930          	3.068866e+02
1931          	3.068866e+02
1932          	3.068866e+02
1933          	3.068866e+02
1934          	3.068866e+02
1935          	3.068866e+02
1936          	3.068866e+02
1937          	3.068865e+02
1938          	3.068865e+02
1939          	3.068865e+02
1940          	3.068865e+02
1941          	3.068865e+02
1942          	3.068864e+02
1943          	3.068864e+02
1944          	3.068864e+02
1945          	3.068864e+02
1946          	3.068863e+02
1947          	3.068863e+02
1948          	3.068863e+02
1949          	3.068863e+02
1950          	3.068862e+02
1951          	3.068862e+02
1952          	3.068862e+02
1953          	3.068862e+02
1954          	3.068861e+02
1955          	3.068861e+02
1956          	3.068861e+02
1957          	3.068861e+02
1958          	3.068861e+02
1959          	3.068861e+02
1960          	3.068860e+02
1961          	3.068860e+02
1962          	3.068860e+02
1963          	3.068860e+02
1964          	3.068860e+02
1965          	3.068860e+02
1966          	3.068860e+02
1967          	3.068860e+02
1968          	3.068860e+02
1969          	3.068860e+02
1970          	3.068860e+02
1971          	3.068860e+02
1972          	3.068860e+02
1973          	3.068860e+02
1974          	3.068860e+02
1975          	3.068860e+02
1976          	3.068860e+02
1977          	3.068860e+02
1978          	3.068860e+02
1979          	3.068860e+02
1980          	3.068860e+02
1981          	3.068860e+02
1982          	3.068860e+02
1983          	3.068860e+02
1984          	3.068860e+02
1985          	3.068860e+02
1986          	3.068860e+02
1987          	3.068860e+02
1988          	3.068861e+02
1989          	3.068861e+02
1990          	3.068861e+02
1991          	3.068861e+02
1992          	3.068861e+02
1993          	3.068861e+02
1994          	3.068861e+02
1995          	3.068861e+02
1996          	3.068861e+02
1997          	3.068861e+02
1998          	3.068861e+02
1999          	3.068860e+02
2000          	3.068860e+02
2001          	3.068860e+02
2002          	3.068860e+02
2003          	3.068860e+02
2004          	3.068860e+02
2005          	3.068860e+02
2006          	3.068859e+02
2007          	3.068859e+02
2008          	3.068859e+02
2009          	3.068859e+02
2010          	3.068858e+02
2011          	3.068858e+02
2012          	3.068858e+02
2013          	3.068858e+02
2014          	3.068858e+02
2015          	3.068857e+02
2016          	3.068857e+02
2017          	3.068857e+02
2018          	3.068857e+02
2019          	3.068856e+02
2020          	3.068856e+02
2021          	3.068856e+02
2022          	3.068856e+02
2023          	3.068855e+02
2024          	3.068855e+02
2025          	3.068855e+02
2026          	3.068855e+02
2027          	3.068854e+02
2028          	3.068854e+02
2029          	3.068854e+02
2030          	3.068854e+02
2031          	3.068853e+02
2032          	3.068853e+02
2033          	3.068853e+02
2034          	3.068853e+02
2035          	3.068853e+02
2036          	3.068853e+02
2037          	3.068853e+02
2038          	3.068853e+02
2039          	3.068853e+02
2040          	3.068853e+02
2041          	3.068853e+02
2042          	3.068853e+02
2043          	3.068853e+02
2044          	3.068853e+02
2045          	3.068853e+02
2046          	3.068853e+02
2047          	3.068853e+02
2048          	3.068853e+02
2049          	3.068854e+02
2050          	3.068854e+02
2051          	3.068854e+02
2052          	3.068854e+02
2053          	3.068854e+02
2054          	3.068855e+02
2055          	3.068855e+02
2056          	3.068855e+02
2057          	3.068855e+02
2058          	3.068856e+02
2059          	3.068856e+02
2060          	3.068856e+02
2061          	3.068857e+02
2062          	3.068857e+02
2063          	3.068858e+02
2064          	3.068858e+02
2065          	3.068859e+02
2066          	3.068859e+02
2067          	3.068860e+02
2068          	3.068860e+02
2069          	3.068861e+02
2070          	3.068861e+02
2071          	3.068862e+02
2072          	3.068863e+02
2073          	3.068863e+02
2074          	3.068864e+02
2075          	3.068864e+02
2076          	3.068865e+02
2077          	3.068866e+02
2078          	3.068866e+02
2079          	3.068867e+02
2080          	3.068868e+02
2081          	3.068868e+02
2082          	3.068869e+02
2083          	3.068869e+02
2084          	3.068870e+02
2085          	3.068870e+02
2086          	3.068871e+02
2087          	3.068871e+02
2088          	3.068871e+02
2089          	3.068872e+02
2090          	3.068872e+02
2091          	3.068872e+02
2092          	3.068873e+02
2093          	3.068873e+02
2094          	3.068873e+02
2095          	3.068873e+02
2096          	3.068873e+02
2097          	3.068874e+02
2098          	3.068874e+02
2099          	3.068874e+02
2100          	3.068874e+02
2101          	3.068874e+02
2102          	3.068874e+02
2103          	3.068874e+02
2104          	3.068874e+02
2105          	3.068874e+02
2106          	3.068873e+02
2107          	3.068873e+02
2108          	3.068873e+02
2109          	3.068873e+02
2110          	3.068873e+02
2111          	3.068872e+02
2112          	3.068872e+02
2113          	3.068872e+02
2114          	3.068872e+02
2115          	3.068871e+02
2116          	3.068871e+02
2117          	3.068871e+02
2118          	3.068871e+02
2119          	3.068870e+02
2120          	3.068870e+02
2121          	3.068870e+02
2122          	3.068869e+02
2123          	3.068869e+02
2124          	3.068869e+02
2125          	3.068868e+02
2126          	3.068868e+02
2127          	3.068868e+02
2128          	3.068867e+02
2129          	3.068867e+02
2130          	3.068867e+02
2131          	3.068866e+02
2132          	3.068866e+02
2133          	3.068865e+02
2134          	3.068865e+02
2135          	3.068864e+02
2136          	3.068864e+02
2137          	3.068863e+02
2138          	3.068863e+02
2139          	3.068862e+02
2140          	3.068862e+02
2141          	3.068861e+02
2142          	3.068861e+02
2143          	3.068860e+02
2144          	3.068860e+02
2145          	3.068859e+02
2146          	3.068859e+02
2147          	3.068859e+02
2148          	3.068858e+02
2149          	3.068858e+02
2150          	3.068858e+02
2151          	3.068858e+02
2152          	3.068857e+02
2153          	3.068857e+02
2154          	3.068857e+02
2155          	3.068857e+02
2156          	3.068857e+02
2157          	3.068857e+02
2158          	3.068857e+02
2159          	3.068857e+02
2160          	3.068857e+02
2161          	3.068857e+02
2162          	3.068857e+02
2163          	3.068857e+02
2164          	3.068857e+02
2165          	3.068858e+02
2166          	3.068858e+02
2167          	3.068859e+02
2168          	3.068859e+02
2169          	3.068859e+02
2170          	3.068860e+02
2171          	3.068861e+02
2172          	3.068861e+02
2173          	3.068862e+02
2174          	3.068862e+02
2175          	3.068863e+02
2176          	3.068864e+02
2177          	3.068864e+02
2178          	3.068865e+02
2179          	3.068865e+02
2180          	3.068866e+02
2181          	3.068866e+02
2182          	3.068867e+02
2183          	3.068867e+02
2184          	3.068868e+02
2185          	3.068868e+02
2186          	3.068868e+02
2187          	3.068868e+02
2188          	3.068869e+02
2189          	3.068869e+02
2190          	3.068869e+02
2191          	3.068868e+02
2192          	3.068868e+02
2193          	3.068868e+02
2194          	3.068868e+02
2195          	3.068868e+02
2196          	3.068868e+02
2197          	3.068867e+02
2198          	3.068867e+02
2199          	3.068867e+02
2200          	3.068866e+02
2201          	3.068866e+02
2202          	3.068865e+02
2203          	3.068865e+02
2204          	3.068864e+02
2205          	3.068864e+02
2206          	3.068863e+02
2207          	3.068863e+02
2208          	3.068862e+02
2209          	3.068861e+02
2210          	3.068861e+02
2211          	3.068860e+02
2212          	3.068859e+02
2213          	3.068859e+02
2214          	3.068858e+02
2215          	3.068858e+02
2216          	3.068857e+02
2217          	3.068856e+02
2218          	3.068856e+02
2219          	3.068855e+02
2220          	3.068855e+02
2221          	3.068854e+02
2222          	3.068853e+02
2223          	3.068853e+02
2224          	3.068852e+02
2225          	3.068852e+02
2226          	3.068851e+02
2227          	3.068850e+02
2228          	3.068850e+02
2229          	3.068849e+02
2230          	3.068848e+02
2231          	3.068848e+02
2232          	3.068847e+02
2233          	3.068846e+02
2234          	3.068846e+02
2235          	3.068845e+02
2236          	3.068844e+02
2237          	3.068843e+02
2238          	3.068843e+02
2239          	3.068842e+02
2240          	3.068841e+02
2241          	3.068840e+02
2242          	3.068839e+02
2243          	3.068839e+02
2244          	3.068838e+02
2245          	3.068837e+02
2246          	3.068836e+02
2247          	3.068835e+02
2248          	3.068834e+02
2249          	3.068833e+02
2250          	3.068832e+02
2251          	3.068831e+02
2252          	3.068831e+02
2253          	3.068830e+02
2254          	3.068829e+02
2255          	3.068828e+02
2256          	3.068827e+02
2257          	3.068826e+02
2258          	3.068825e+02
2259          	3.068824e+02
2260          	3.068823e+02
2261          	3.068821e+02
2262          	3.068820e+02
2263          	3.068819e+02
2264          	3.068818e+02
2265          	3.068817e+02
2266          	3.068815e+02
2267          	3.068814e+02
2268          	3.068813e+02
2269          	3.068811e+02
2270          	3.068810e+02
2271          	3.068809e+02
2272          	3.068807e+02
2273          	3.068806e+02
2274          	3.068804e+02
2275          	3.068803e+02
2276          	3.068801e+02
2277          	3.068799e+02
2278          	3.068798e+02
2279          	3.068796e+02
2280          	3.068794e+02
2281          	3.068793e+02
2282          	3.068791e+02
2283          	3.068790e+02
2284          	3.068788e+02
2285          	3.068786e+02
2286          	3.068785e+02
2287          	3.068783e+02
2288          	3.068782e+02
2289          	3.068780e+02
2290          	3.068778e+02
2291          	3.068777e+02
2292          	3.068775e+02
2293          	3.068773e+02
2294          	3.068772e+02
2295          	3.068770e+02
2296          	3.068769e+02
2297          	3.068767e+02
2298          	3.068766e+02
2299          	3.068764e+02
2300          	3.068763e+02
2301          	3.068762e+02
2302          	3.068760e+02
2303          	3.068759e+02
2304          	3.068758e+02
2305          	3.068757e+02
2306          	3.068755e+02
2307          	3.068754e+02
2308          	3.068753e+02
2309          	3.068752e+02
2310          	3.068751e+02
2311          	3.068750e+02
2312          	3.068749e+02
2313          	3.068748e+02
2314          	3.068748e+02
2315          	3.068747e+02
2316          	3.068746e+02
2317          	3.068746e+02
2318          	3.068745e+02
2319          	3.068744e+02
2320          	3.068744e+02
2321          	3.068743e+02
2322          	3.068743e+02
2323          	3.068743e+02
2324          	3.068742e+02
2325          	3.068742e+02
2326          	3.068742e+02
2327          	3.068742e+02
2328          	3.068741e+02
2329          	3.068741e+02
2330          	3.068741e+02
2331          	3.068741e+02
2332          	3.068741e+02
2333          	3.068741e+02
2334          	3.068742e+02
2335          	3.068742e+02
2336          	3.068742e+02
2337          	3.068743e+02
2338          	3.068743e+02
2339          	3.068744e+02
2340          	3.068745e+02
2341          	3.068745e+02
2342          	3.068746e+02
2343          	3.068747e+02
2344          	3.068748e+02
2345          	3.068749e+02
2346          	3.068750e+02
2347          	3.068750e+02
2348          	3.068752e+02
2349          	3.068753e+02
2350          	3.068754e+02
2351          	3.068755e+02
2352          	3.068756e+02
2353          	3.068757e+02
2354          	3.068758e+02
2355          	3.068760e+02
2356          	3.068761e+02
2357          	3.068762e+02
2358          	3.068763e+02
2359          	3.068765e+02
2360          	3.068766e+02
2361          	3.068768e+02
2362          	3.068769e+02
2363          	3.068770e+02
2364          	3.068772e+02
2365          	3.068773e+02
2366          	3.068775e+02
2367          	3.068776e+02
2368          	3.068777e+02
2369          	3.068779e+02
2370          	3.068780e+02
2371          	3.068782e+02
2372          	3.068783e+02
2373          	3.068785e+02
2374          	3.068786e+02
2375          	3.068787e+02
2376          	3.068788e+02
2377          	3.068789e+02
2378          	3.068791e+02
2379          	3.068792e+02
2380          	3.068793e+02
2381          	3.068793e+02
2382          	3.068794e+02
2383          	3.068795e+02
2384          	3.068796e+02
2385          	3.068797e+02
2386          	3.068798e+02
2387          	3.068798e+02
2388          	3.068799e+02
2389          	3.068800e+02
2390          	3.068800e+02
2391          	3.068801e+02
2392          	3.068801e+02
2393          	3.068802e+02
2394          	3.068802e+02
2395          	3.068803e+02
2396          	3.068803e+02
2397          	3.068803e+02
2398          	3.068804e+02
2399          	3.068804e+02
2400          	3.068804e+02
2401          	3.068805e+02
2402          	3.068805e+02
2403          	3.068805e+02
2404          	3.068805e+02
2405          	3.068806e+02
2406          	3.068806e+02
2407          	3.068806e+02
2408          	3.068806e+02
2409          	3.068806e+02
2410          	3.068806e+02
2411          	3.068806e+02
2412          	3.068806e+02
2413          	3.068806e+02
2414          	3.068806e+02
2415          	3.068806e+02
2416          	3.068806e+02
2417          	3.068806e+02
2418          	3.068806e+02
2419          	3.068806e+02
2420          	3.068806e+02
2421          	3.068806e+02
2422          	3.068806e+02
2423          	3.068806e+02
2424          	3.068805e+02
2425          	3.068805e+02
2426          	3.068805e+02
2427          	3.068805e+02
2428          	3.068804e+02
2429          	3.068804e+02
2430          	3.068804e+02
2431          	3.068803e+02
2432          	3.068803e+02
2433          	3.068803e+02
2434          	3.068802e+02
2435          	3.068802e+02
2436          	3.068801e+02
2437          	3.068801e+02
2438          	3.068800e+02
2439          	3.068799e+02
2440          	3.068799e+02
2441          	3.068798e+02
2442          	3.068798e+02
2443          	3.068797e+02
2444          	3.068796e+02
2445          	3.068796e+02
2446          	3.068795e+02
2447          	3.068794e+02
2448          	3.068794e+02
2449          	3.068793e+02
2450          	3.068792e+02
2451          	3.068792e+02
2452          	3.068791e+02
2453          	3.068791e+02
2454          	3.068790e+02
2455          	3.068790e+02
2456          	3.068789e+02
2457          	3.068788e+02
2458          	3.068788e+02
2459          	3.068787e+02
2460          	3.068787e+02
2461          	3.068787e+02
2462          	3.068786e+02
2463          	3.068786e+02
2464          	3.068785e+02
2465          	3.068785e+02
2466          	3.068785e+02
2467          	3.068784e+02
2468          	3.068784e+02
2469          	3.068783e+02
2470          	3.068783e+02
2471          	3.068783e+02
2472          	3.068782e+02
2473          	3.068782e+02
2474          	3.068782e+02
2475          	3.068781e+02
2476          	3.068781e+02
2477          	3.068781e+02
2478          	3.068780e+02
2479          	3.068780e+02
2480          	3.068779e+02
2481          	3.068779e+02
2482          	3.068779e+02
2483          	3.068778e+02
2484          	3.068778e+02
2485          	3.068778e+02
2486          	3.068777e+02
2487          	3.068777e+02
2488          	3.068777e+02
2489          	3.068776e+02
2490          	3.068776e+02
2491          	3.068776e+02
2492          	3.068775e+02
2493          	3.068775e+02
2494          	3.068774e+02
2495          	3.068774e+02
2496          	3.068774e+02
2497          	3.068773e+02
2498          	3.068773e+02
2499          	3.068773e+02
2500          	3.068772e+02
2501          	3.068772e+02
2502          	3.068771e+02
2503          	3.068771e+02
2504          	3.068771e+02
2505          	3.068770e+02
2506          	3.068770e+02
2507          	3.068770e+02
2508          	3.068769e+02
2509          	3.068769e+02
2510          	3.068769e+02
2511          	3.068769e+02
2512          	3.068768e+02
2513          	3.068768e+02
2514          	3.068768e+02
2515          	3.068768e+02
2516          	3.068767e+02
2517          	3.068767e+02
2518          	3.068767e+02
2519          	3.068767e+02
2520          	3.068767e+02
2521          	3.068766e+02
2522          	3.068766e+02
2523          	3.068766e+02
2524          	3.068766e+02
2525          	3.068766e+02
2526          	3.068766e+02
2527          	3.068766e+02
2528          	3.068766e+02
2529          	3.068766e+02
2530          	3.068766e+02
2531          	3.068766e+02
2532          	3.068766e+02
2533          	3.068766e+02
2534          	3.068766e+02
2535          	3.068767e+02
2536          	3.068767e+02
2537          	3.068767e+02
2538          	3.068767e+02
2539          	3.068767e+02
2540          	3.068767e+02
2541          	3.068767e+02
2542          	3.068767e+02
2543          	3.068767e+02
2544          	3.068767e+02
2545          	3.068767e+02
2546          	3.068767e+02
2547          	3.068767e+02
2548          	3.068767e+02
2549          	3.068767e+02
2550          	3.068767e+02
2551          	3.068767e+02
2552          	3.068768e+02
2553          	3.068768e+02
2554          	3.068768e+02
2555          	3.068768e+02
2556          	3.068768e+02
2557          	3.068768e+02
2558          	3.068769e+02
2559          	3.068769e+02
2560          	3.068769e+02
2561          	3.068770e+02
2562          	3.068770e+02
2563          	3.068770e+02
2564          	3.068771e+02
2565          	3.068771e+02
2566          	3.068772e+02
2567          	3.068772e+02
2568          	3.068773e+02
2569          	3.068773e+02
2570          	3.068774e+02
2571          	3.068774e+02
2572          	3.068775e+02
2573          	3.068775e+02
2574          	3.068776e+02
2575          	3.068777e+02
2576          	3.068777e+02
2577          	3.068778e+02
2578          	3.068779e+02
2579          	3.068779e+02
2580          	3.068780e+02
2581          	3.068781e+02
2582          	3.068781e+02
2583          	3.068782e+02
2584          	3.068783e+02
2585          	3.068783e+02
2586          	3.068784e+02
2587          	3.068785e+02
2588          	3.068785e+02
2589          	3.068786e+02
2590          	3.068787e+02
2591          	3.068787e+02
2592          	3.068788e+02
2593          	3.068789e+02
2594          	3.068789e+02
2595          	3.068790e+02
2596          	3.068791e+02
2597          	3.068791e+02
2598          	3.068792e+02
2599          	3.068793e+02
2600          	3.068793e+02
2601          	3.068794e+02
2602          	3.068794e+02
2603          	3.068795e+02
2604          	3.068795e+02
2605          	3.068796e+02
2606          	3.068796e+02
2607          	3.068797e+02
2608          	3.068797e+02
2609          	3.068798e+02
2610          	3.068798e+02
2611          	3.068799e+02
2612          	3.068799e+02
2613          	3.068800e+02
2614          	3.068800e+02
2615          	3.068801e+02
2616          	3.068801e+02
2617          	3.068802e+02
2618          	3.068802e+02
2619          	3.068802e+02
2620          	3.068803e+02
2621          	3.068803e+02
2622          	3.068804e+02
2623          	3.068804e+02
2624          	3.068805e+02
2625          	3.068805e+02
2626          	3.068806e+02
2627          	3.068806e+02
2628          	3.068807e+02
2629          	3.068807e+02
2630          	3.068808e+02
2631          	3.068808e+02
2632          	3.068809e+02
2633          	3.068809e+02
2634          	3.068810e+02
2635          	3.068811e+02
2636          	3.068811e+02
2637          	3.068812e+02
2638          	3.068812e+02
2639          	3.068813e+02
2640          	3.068814e+02
2641          	3.068814e+02
2642          	3.068815e+02
2643          	3.068816e+02
2644          	3.068817e+02
2645          	3.068817e+02
2646          	3.068818e+02
2647          	3.068819e+02
2648          	3.068820e+02
2649          	3.068820e+02
2650          	3.068821e+02
2651          	3.068822e+02
2652          	3.068823e+02
2653          	3.068824e+02
2654          	3.068824e+02
2655          	3.068825e+02
2656          	3.068826e+02
2657          	3.068827e+02
2658          	3.068828e+02
2659          	3.068829e+02
2660          	3.068829e+02
2661          	3.068830e+02
2662          	3.068831e+02
2663          	3.068832e+02
2664          	3.068832e+02
2665          	3.068833e+02
2666          	3.068834e+02
2667          	3.068835e+02
2668          	3.068835e+02
2669          	3.068836e+02
2670          	3.068837e+02
2671          	3.068837e+02
2672          	3.068838e+02
2673          	3.068839e+02
2674          	3.068839e+02
2675          	3.068840e+02
2676          	3.068840e+02
2677          	3.068841e+02
2678          	3.068841e+02
2679          	3.068842e+02
2680          	3.068842e+02
2681          	3.068843e+02
2682          	3.068843e+02
2683          	3.068844e+02
2684          	3.068844e+02
2685          	3.068845e+02
2686          	3.068845e+02
2687          	3.068845e+02
2688          	3.068846e+02
2689          	3.068846e+02
2690          	3.068846e+02
2691          	3.068846e+02
2692          	3.068846e+02
2693          	3.068846e+02
2694          	3.068847e+02
2695          	3.068847e+02
2696          	3.068847e+02
2697          	3.068847e+02
2698          	3.068847e+02
2699          	3.068847e+02
2700          	3.068847e+02
2701          	3.068847e+02
2702          	3.068847e+02
2703          	3.068847e+02
2704          	3.068847e+02
2705          	3.068847e+02
2706          	3.068846e+02
2707          	3.068846e+02
2708          	3.068846e+02
2709          	3.068846e+02
2710          	3.068846e+02
2711          	3.068845e+02
2712          	3.068845e+02
2713          	3.068845e+02
2714          	3.068845e+02
2715          	3.068844e+02
2716          	3.068844e+02
2717          	3.068844e+02
2718          	3.068844e+02
2719          	3.068843e+02
2720          	3.068843e+02
2721          	3.068843e+02
2722          	3.068843e+02
2723          	3.068843e+02
2724          	3.068843e+02
2725          	3.068843e+02
2726          	3.068843e+02
2727          	3.068843e+02
2728          	3.068843e+02
2729          	3.068843e+02
2730          	3.068843e+02
2731          	3.068843e+02
2732          	3.068843e+02
2733          	3.068843e+02
2734          	3.068843e+02
2735          	3.068844e+02
2736          	3.068844e+02
2737          	3.068844e+02
2738          	3.068845e+02
2739          	3.068845e+02
2740          	3.068845e+02
2741          	3.068846e+02
2742          	3.068846e+02
2743          	3.068847e+02
2744          	3.068848e+02
2745          	3.068848e+02
2746          	3.068849e+02
2747          	3.068849e+02
2748          	3.068850e+02
2749          	3.068851e+02
2750          	3.068851e+02
2751          	3.068852e+02
2752          	3.068853e+02
2753          	3.068853e+02
2754          	3.068854e+02
2755          	3.068855e+02
2756          	3.068856e+02
2757          	3.068856e+02
2758          	3.068857e+02
2759          	3.068858e+02
2760          	3.068859e+02
2761          	3.068860e+02
2762          	3.068860e+02
2763          	3.068861e+02
2764          	3.068862e+02
2765          	3.068862e+02
2766          	3.068863e+02
2767          	3.068864e+02
2768          	3.068864e+02
2769          	3.068865e+02
2770          	3.068865e+02
2771          	3.068866e+02
2772          	3.068866e+02
2773          	3.068867e+02
2774          	3.068867e+02
2775          	3.068868e+02
2776          	3.068868e+02
2777          	3.068869e+02
2778          	3.068869e+02
2779          	3.068869e+02
2780          	3.068870e+02
2781          	3.068870e+02
2782          	3.068870e+02
2783          	3.068871e+02
2784          	3.068871e+02
2785          	3.068871e+02
2786          	3.068872e+02
2787          	3.068872e+02
2788          	3.068872e+02
2789          	3.068873e+02
2790          	3.068873e+02
2791          	3.068873e+02
2792          	3.068874e+02
2793          	3.068874e+02
2794          	3.068874e+02
2795          	3.068875e+02
2796          	3.068875e+02
2797          	3.068875e+02
2798          	3.068876e+02
2799          	3.068876e+02
2800          	3.068876e+02
2801          	3.068877e+02
2802          	3.068877e+02
2803          	3.068877e+02
2804          	3.068878e+02
2805          	3.068878e+02
2806          	3.068878e+02
2807          	3.068879e+02
2808          	3.068879e+02
2809          	3.068879e+02
2810          	3.068880e+02
2811          	3.068880e+02
2812          	3.068880e+02
2813          	3.068881e+02
2814          	3.068881e+02
2815          	3.068881e+02
2816          	3.068881e+02
2817          	3.068882e+02
2818          	3.068882e+02
2819          	3.068882e+02
2820          	3.068883e+02
2821          	3.068883e+02
2822          	3.068883e+02
2823          	3.068883e+02
2824          	3.068884e+02
2825          	3.068884e+02
2826          	3.068884e+02
2827          	3.068884e+02
2828          	3.068885e+02
2829          	3.068885e+02
2830          	3.068885e+02
2831          	3.068885e+02
2832          	3.068886e+02
2833          	3.068886e+02
2834          	3.068886e+02
2835          	3.068886e+02
2836          	3.068886e+02
2837          	3.068887e+02
2838          	3.068887e+02
2839          	3.068887e+02
2840          	3.068887e+02
2841          	3.068887e+02
2842          	3.068887e+02
2843          	3.068888e+02
2844          	3.068888e+02
2845          	3.068888e+02
2846          	3.068888e+02
2847          	3.068888e+02
2848          	3.068888e+02
2849          	3.068888e+02
2850          	3.068888e+02
2851          	3.068888e+02
2852          	3.068888e+02
2853          	3.068888e+02
2854          	3.068888e+02
2855          	3.068888e+02
2856          	3.068887e+02
2857          	3.068887e+02
2858          	3.068887e+02
2859          	3.068887e+02
2860          	3.068886e+02
2861          	3.068886e+02
2862          	3.068886e+02
2863          	3.068885e+02
2864          	3.068885e+02
2865          	3.068884e+02
2866          	3.068883e+02
2867          	3.068883e+02
2868          	3.068882e+02
2869          	3.068881e+02
2870          	3.068881e+02
2871          	3.068880e+02
2872          	3.068879e+02
2873          	3.068878e+02
2874          	3.068877e+02
2875          	3.068876e+02
2876          	3.068875e+02
2877          	3.068875e+02
2878          	3.068874e+02
2879          	3.068873e+02
2880          	3.068872e+02
2881          	3.068871e+02
2882          	3.068870e+02
2883          	3.068869e+02
2884          	3.068868e+02
2885          	3.068867e+02
2886          	3.068866e+02
2887          	3.068865e+02
2888          	3.068864e+02
2889          	3.068864e+02
2890          	3.068863e+02
2891          	3.068862e+02
2892          	3.068861e+02
2893          	3.068860e+02
2894          	3.068860e+02
2895          	3.068859e+02
2896          	3.068858e+02
2897          	3.068857e+02
2898          	3.068857e+02
2899          	3.068856e+02
2900          	3.068856e+02
2901          	3.068855e+02
2902          	3.068854e+02
2903          	3.068854e+02
2904          	3.068853e+02
2905          	3.068853e+02
2906          	3.068852e+02
2907          	3.068852e+02
2908          	3.068852e+02
2909          	3.068851e+02
2910          	3.068851e+02
2911          	3.068851e+02
2912          	3.068851e+02
2913          	3.068850e+02
2914          	3.068850e+02
2915          	3.068850e+02
2916          	3.068850e+02
2917          	3.068850e+02
2918          	3.068850e+02
2919          	3.068850e+02
2920          	3.068851e+02
2921          	3.068851e+02
2922          	3.068851e+02
2923          	3.068851e+02
2924          	3.068852e+02
2925          	3.068852e+02
2926          	3.068853e+02
2927          	3.068853e+02
2928          	3.068854e+02
2929          	3.068854e+02
2930          	3.068855e+02
2931          	3.068856e+02
2932          	3.068857e+02
2933          	3.068857e+02
2934          	3.068858e+02
2935          	3.068859e+02
2936          	3.068860e+02
2937          	3.068861e+02
2938          	3.068862e+02
2939          	3.068863e+02
2940          	3.068864e+02
2941          	3.068865e+02
2942          	3.068866e+02
2943          	3.068867e+02
2944          	3.068868e+02
2945          	3.068869e+02
2946          	3.068870e+02
2947          	3.068871e+02
2948          	3.068872e+02
2949          	3.068873e+02
2950          	3.068875e+02
2951          	3.068876e+02
2952          	3.068877e+02
2953          	3.068878e+02
2954          	3.068879e+02
2955          	3.068880e+02
2956          	3.068882e+02
2957          	3.068883e+02
2958          	3.068884e+02
2959          	3.068885e+02
2960          	3.068886e+02
2961          	3.068887e+02
2962          	3.068888e+02
2963          	3.068889e+02
2964          	3.068890e+02
2965          	3.068891e+02
2966          	3.068891e+02
2967          	3.068892e+02
2968          	3.068893e+02
2969          	3.068894e+02
2970          	3.068895e+02
2971          	3.068896e+02
2972          	3.068896e+02
2973          	3.068897e+02
2974          	3.068898e+02
2975          	3.068898e+02
2976          	3.068899e+02
2977          	3.068900e+02
2978          	3.068900e+02
2979          	3.068901e+02
2980          	3.068902e+02
2981          	3.068902e+02
2982          	3.068903e+02
2983          	3.068903e+02
2984          	3.068904e+02
2985          	3.068904e+02
2986          	3.068905e+02
2987          	3.068905e+02
2988          	3.068906e+02
2989          	3.068906e+02
2990          	3.068907e+02
2991          	3.068907e+02
2992          	3.068907e+02
2993          	3.068908e+02
2994          	3.068908e+02
2995          	3.068908e+02
2996          	3.068909e+02
2997          	3.068909e+02
2998          	3.068909e+02
2999          	3.068909e+02
3000          	3.068910e+02
