# Region      : all 
# Cells       : 2808
# Volume      : 3.875062e-07
# Time        	volAverage(T)
1             	2.977306e+02
2             	2.979915e+02
3             	2.982161e+02
4             	2.984419e+02
5             	2.986536e+02
6             	2.988620e+02
7             	2.990629e+02
8             	2.992589e+02
9             	2.994492e+02
10            	2.996345e+02
11            	2.998146e+02
12            	2.999899e+02
13            	3.001604e+02
14            	3.003264e+02
15            	3.004880e+02
16            	3.006452e+02
17            	3.007983e+02
18            	3.009474e+02
19            	3.010926e+02
20            	3.012341e+02
21            	3.013719e+02
22            	3.015063e+02
23            	3.016373e+02
24            	3.017650e+02
25            	3.018896e+02
26            	3.020111e+02
27            	3.021297e+02
28            	3.022455e+02
29            	3.023585e+02
30            	3.024688e+02
31            	3.025765e+02
32            	3.026817e+02
33            	3.027845e+02
34            	3.028849e+02
35            	3.029831e+02
36            	3.030790e+02
37            	3.031728e+02
38            	3.032644e+02
39            	3.033541e+02
40            	3.034418e+02
41            	3.035277e+02
42            	3.036116e+02
43            	3.036938e+02
44            	3.037743e+02
45            	3.038530e+02
46            	3.039302e+02
47            	3.040057e+02
48            	3.040797e+02
49            	3.041522e+02
50            	3.042232e+02
51            	3.042928e+02
52            	3.043610e+02
53            	3.044278e+02
54            	3.044934e+02
55            	3.045576e+02
56            	3.046206e+02
57            	3.046824e+02
58            	3.047430e+02
59            	3.048024e+02
60            	3.048607e+02
61            	3.049179e+02
62            	3.049740e+02
63            	3.050290e+02
64            	3.050830e+02
65            	3.051360e+02
66            	3.051879e+02
67            	3.052389e+02
68            	3.052890e+02
69            	3.053381e+02
70            	3.053863e+02
71            	3.054336e+02
72            	3.054800e+02
73            	3.055256e+02
74            	3.055704e+02
75            	3.056143e+02
76            	3.056574e+02
77            	3.056997e+02
78            	3.057413e+02
79            	3.057821e+02
80            	3.058222e+02
81            	3.058616e+02
82            	3.059003e+02
83            	3.059383e+02
84            	3.059756e+02
85            	3.060123e+02
86            	3.060484e+02
87            	3.060838e+02
88            	3.061187e+02
89            	3.061529e+02
90            	3.061866e+02
91            	3.062197e+02
92            	3.062523e+02
93            	3.062843e+02
94            	3.063158e+02
95            	3.063468e+02
96            	3.063774e+02
97            	3.064074e+02
98            	3.064369e+02
99            	3.064660e+02
100           	3.064946e+02
101           	3.065228e+02
102           	3.065505e+02
103           	3.065778e+02
104           	3.066047e+02
105           	3.066312e+02
106           	3.066572e+02
107           	3.066829e+02
108           	3.067082e+02
109           	3.067331e+02
110           	3.067577e+02
111           	3.067819e+02
112           	3.068057e+02
113           	3.068292e+02
114           	3.068523e+02
115           	3.068751e+02
116           	3.068976e+02
117           	3.069197e+02
118           	3.069416e+02
119           	3.069631e+02
120           	3.069843e+02
121           	3.070052e+02
122           	3.070258e+02
123           	3.070462e+02
124           	3.070662e+02
125           	3.070860e+02
126           	3.071055e+02
127           	3.071247e+02
128           	3.071437e+02
129           	3.071624e+02
130           	3.071808e+02
131           	3.071991e+02
132           	3.072170e+02
133           	3.072348e+02
134           	3.072522e+02
135           	3.072695e+02
136           	3.072866e+02
137           	3.073034e+02
138           	3.073200e+02
139           	3.073364e+02
140           	3.073526e+02
141           	3.073685e+02
142           	3.073843e+02
143           	3.073999e+02
144           	3.074153e+02
145           	3.074305e+02
146           	3.074455e+02
147           	3.074604e+02
148           	3.074750e+02
149           	3.074895e+02
150           	3.075038e+02
151           	3.075180e+02
152           	3.075319e+02
153           	3.075457e+02
154           	3.075594e+02
155           	3.075729e+02
156           	3.075862e+02
157           	3.075994e+02
158           	3.076125e+02
159           	3.076254e+02
160           	3.076381e+02
161           	3.076507e+02
162           	3.076632e+02
163           	3.076755e+02
164           	3.076878e+02
165           	3.076998e+02
166           	3.077118e+02
167           	3.077236e+02
168           	3.077353e+02
169           	3.077468e+02
170           	3.077583e+02
171           	3.077696e+02
172           	3.077809e+02
173           	3.077920e+02
174           	3.078030e+02
175           	3.078138e+02
176           	3.078246e+02
177           	3.078353e+02
178           	3.078459e+02
179           	3.078564e+02
180           	3.078667e+02
181           	3.078770e+02
182           	3.078872e+02
183           	3.078973e+02
184           	3.079073e+02
185           	3.079172e+02
186           	3.079270e+02
187           	3.079367e+02
188           	3.079464e+02
189           	3.079560e+02
190           	3.079655e+02
191           	3.079749e+02
192           	3.079842e+02
193           	3.079935e+02
194           	3.080026e+02
195           	3.080117e+02
196           	3.080208e+02
197           	3.080297e+02
198           	3.080386e+02
199           	3.080474e+02
200           	3.080562e+02
201           	3.080649e+02
202           	3.080735e+02
203           	3.080820e+02
204           	3.080905e+02
205           	3.080989e+02
206           	3.081073e+02
207           	3.081156e+02
208           	3.081238e+02
209           	3.081320e+02
210           	3.081401e+02
211           	3.081482e+02
212           	3.081562e+02
213           	3.081642e+02
214           	3.081721e+02
215           	3.081799e+02
216           	3.081877e+02
217           	3.081955e+02
218           	3.082032e+02
219           	3.082108e+02
220           	3.082184e+02
221           	3.082260e+02
222           	3.082335e+02
223           	3.082410e+02
224           	3.082484e+02
225           	3.082558e+02
226           	3.082631e+02
227           	3.082704e+02
228           	3.082776e+02
229           	3.082848e+02
230           	3.082920e+02
231           	3.082991e+02
232           	3.083061e+02
233           	3.083132e+02
234           	3.083202e+02
235           	3.083271e+02
236           	3.083340e+02
237           	3.083408e+02
238           	3.083477e+02
239           	3.083545e+02
240           	3.083612e+02
241           	3.083679e+02
242           	3.083746e+02
243           	3.083812e+02
244           	3.083878e+02
245           	3.083944e+02
246           	3.084009e+02
247           	3.084074e+02
248           	3.084139e+02
249           	3.084203e+02
250           	3.084267e+02
251           	3.084330e+02
252           	3.084394e+02
253           	3.084457e+02
254           	3.084519e+02
255           	3.084582e+02
256           	3.084644e+02
257           	3.084705e+02
258           	3.084767e+02
259           	3.084828e+02
260           	3.084889e+02
261           	3.084950e+02
262           	3.085010e+02
263           	3.085070e+02
264           	3.085130e+02
265           	3.085190e+02
266           	3.085249e+02
267           	3.085308e+02
268           	3.085367e+02
269           	3.085426e+02
270           	3.085484e+02
271           	3.085543e+02
272           	3.085600e+02
273           	3.085658e+02
274           	3.085716e+02
275           	3.085773e+02
276           	3.085830e+02
277           	3.085887e+02
278           	3.085944e+02
279           	3.086000e+02
280           	3.086056e+02
281           	3.086113e+02
282           	3.086168e+02
283           	3.086224e+02
284           	3.086280e+02
285           	3.086335e+02
286           	3.086390e+02
287           	3.086445e+02
288           	3.086500e+02
289           	3.086554e+02
290           	3.086608e+02
291           	3.086663e+02
292           	3.086716e+02
293           	3.086770e+02
294           	3.086824e+02
295           	3.086877e+02
296           	3.086930e+02
297           	3.086983e+02
298           	3.087036e+02
299           	3.087088e+02
300           	3.087141e+02
301           	3.087193e+02
302           	3.087245e+02
303           	3.087297e+02
304           	3.087349e+02
305           	3.087400e+02
306           	3.087451e+02
307           	3.087503e+02
308           	3.087554e+02
309           	3.087605e+02
310           	3.087655e+02
311           	3.087706e+02
312           	3.087756e+02
313           	3.087806e+02
314           	3.087856e+02
315           	3.087906e+02
316           	3.087955e+02
317           	3.088005e+02
318           	3.088054e+02
319           	3.088103e+02
320           	3.088152e+02
321           	3.088201e+02
322           	3.088250e+02
323           	3.088298e+02
324           	3.088347e+02
325           	3.088395e+02
326           	3.088443e+02
327           	3.088491e+02
328           	3.088539e+02
329           	3.088586e+02
330           	3.088634e+02
331           	3.088681e+02
332           	3.088728e+02
333           	3.088775e+02
334           	3.088822e+02
335           	3.088869e+02
336           	3.088916e+02
337           	3.088962e+02
338           	3.089008e+02
339           	3.089055e+02
340           	3.089101e+02
341           	3.089146e+02
342           	3.089192e+02
343           	3.089238e+02
344           	3.089283e+02
345           	3.089328e+02
346           	3.089374e+02
347           	3.089419e+02
348           	3.089463e+02
349           	3.089508e+02
350           	3.089553e+02
351           	3.089597e+02
352           	3.089641e+02
353           	3.089686e+02
354           	3.089730e+02
355           	3.089773e+02
356           	3.089817e+02
357           	3.089861e+02
358           	3.089904e+02
359           	3.089948e+02
360           	3.089991e+02
361           	3.090034e+02
362           	3.090077e+02
363           	3.090120e+02
364           	3.090162e+02
365           	3.090205e+02
366           	3.090247e+02
367           	3.090290e+02
368           	3.090332e+02
369           	3.090374e+02
370           	3.090416e+02
371           	3.090457e+02
372           	3.090499e+02
373           	3.090540e+02
374           	3.090582e+02
375           	3.090623e+02
376           	3.090664e+02
377           	3.090705e+02
378           	3.090746e+02
379           	3.090786e+02
380           	3.090827e+02
381           	3.090867e+02
382           	3.090907e+02
383           	3.090947e+02
384           	3.090987e+02
385           	3.091027e+02
386           	3.091067e+02
387           	3.091107e+02
388           	3.091146e+02
389           	3.091185e+02
390           	3.091225e+02
391           	3.091264e+02
392           	3.091302e+02
393           	3.091341e+02
394           	3.091380e+02
395           	3.091419e+02
396           	3.091457e+02
397           	3.091495e+02
398           	3.091533e+02
399           	3.091571e+02
400           	3.091609e+02
401           	3.091647e+02
402           	3.091685e+02
403           	3.091722e+02
404           	3.091760e+02
405           	3.091797e+02
406           	3.091834e+02
407           	3.091871e+02
408           	3.091908e+02
409           	3.091944e+02
410           	3.091981e+02
411           	3.092018e+02
412           	3.092054e+02
413           	3.092090e+02
414           	3.092126e+02
415           	3.092162e+02
416           	3.092198e+02
417           	3.092234e+02
418           	3.092270e+02
419           	3.092305e+02
420           	3.092340e+02
421           	3.092376e+02
422           	3.092411e+02
423           	3.092446e+02
424           	3.092481e+02
425           	3.092516e+02
426           	3.092550e+02
427           	3.092585e+02
428           	3.092619e+02
429           	3.092654e+02
430           	3.092688e+02
431           	3.092722e+02
432           	3.092756e+02
433           	3.092790e+02
434           	3.092824e+02
435           	3.092858e+02
436           	3.092891e+02
437           	3.092925e+02
438           	3.092958e+02
439           	3.092991e+02
440           	3.093024e+02
441           	3.093057e+02
442           	3.093090e+02
443           	3.093123e+02
444           	3.093156e+02
445           	3.093188e+02
446           	3.093221e+02
447           	3.093253e+02
448           	3.093285e+02
449           	3.093317e+02
450           	3.093349e+02
451           	3.093381e+02
452           	3.093413e+02
453           	3.093444e+02
454           	3.093476e+02
455           	3.093507e+02
456           	3.093538e+02
457           	3.093570e+02
458           	3.093601e+02
459           	3.093632e+02
460           	3.093663e+02
461           	3.093693e+02
462           	3.093724e+02
463           	3.093754e+02
464           	3.093785e+02
465           	3.093815e+02
466           	3.093845e+02
467           	3.093875e+02
468           	3.093905e+02
469           	3.093935e+02
470           	3.093965e+02
471           	3.093994e+02
472           	3.094024e+02
473           	3.094053e+02
474           	3.094082e+02
475           	3.094112e+02
476           	3.094141e+02
477           	3.094170e+02
478           	3.094198e+02
479           	3.094227e+02
480           	3.094256e+02
481           	3.094284e+02
482           	3.094313e+02
483           	3.094341e+02
484           	3.094369e+02
485           	3.094397e+02
486           	3.094425e+02
487           	3.094453e+02
488           	3.094481e+02
489           	3.094509e+02
490           	3.094536e+02
491           	3.094564e+02
492           	3.094591e+02
493           	3.094618e+02
494           	3.094645e+02
495           	3.094672e+02
496           	3.094699e+02
497           	3.094726e+02
498           	3.094753e+02
499           	3.094780e+02
500           	3.094806e+02
501           	3.094833e+02
502           	3.094859e+02
503           	3.094885e+02
504           	3.094912e+02
505           	3.094938e+02
506           	3.094964e+02
507           	3.094990e+02
508           	3.095015e+02
509           	3.095041e+02
510           	3.095067e+02
511           	3.095092e+02
512           	3.095118e+02
513           	3.095143e+02
514           	3.095168e+02
515           	3.095193e+02
516           	3.095218e+02
517           	3.095243e+02
518           	3.095268e+02
519           	3.095293e+02
520           	3.095317e+02
521           	3.095342e+02
522           	3.095366e+02
523           	3.095391e+02
524           	3.095415e+02
525           	3.095439e+02
526           	3.095463e+02
527           	3.095487e+02
528           	3.095511e+02
529           	3.095535e+02
530           	3.095558e+02
531           	3.095582e+02
532           	3.095605e+02
533           	3.095629e+02
534           	3.095652e+02
535           	3.095675e+02
536           	3.095699e+02
537           	3.095722e+02
538           	3.095745e+02
539           	3.095768e+02
540           	3.095790e+02
541           	3.095813e+02
542           	3.095836e+02
543           	3.095858e+02
544           	3.095881e+02
545           	3.095903e+02
546           	3.095925e+02
547           	3.095947e+02
548           	3.095969e+02
549           	3.095991e+02
550           	3.096013e+02
551           	3.096035e+02
552           	3.096057e+02
553           	3.096079e+02
554           	3.096100e+02
555           	3.096122e+02
556           	3.096143e+02
557           	3.096164e+02
558           	3.096186e+02
559           	3.096207e+02
560           	3.096228e+02
561           	3.096249e+02
562           	3.096270e+02
563           	3.096291e+02
564           	3.096311e+02
565           	3.096332e+02
566           	3.096353e+02
567           	3.096373e+02
568           	3.096394e+02
569           	3.096414e+02
570           	3.096434e+02
571           	3.096454e+02
572           	3.096474e+02
573           	3.096494e+02
574           	3.096514e+02
575           	3.096534e+02
576           	3.096554e+02
577           	3.096574e+02
578           	3.096593e+02
579           	3.096613e+02
580           	3.096632e+02
581           	3.096652e+02
582           	3.096671e+02
583           	3.096690e+02
584           	3.096709e+02
585           	3.096728e+02
586           	3.096747e+02
587           	3.096766e+02
588           	3.096785e+02
589           	3.096804e+02
590           	3.096822e+02
591           	3.096841e+02
592           	3.096860e+02
593           	3.096878e+02
594           	3.096896e+02
595           	3.096915e+02
596           	3.096933e+02
597           	3.096951e+02
598           	3.096969e+02
599           	3.096987e+02
600           	3.097005e+02
601           	3.097023e+02
602           	3.097041e+02
603           	3.097058e+02
604           	3.097076e+02
605           	3.097094e+02
606           	3.097111e+02
607           	3.097129e+02
608           	3.097146e+02
609           	3.097163e+02
610           	3.097181e+02
611           	3.097198e+02
612           	3.097215e+02
613           	3.097232e+02
614           	3.097249e+02
615           	3.097266e+02
616           	3.097282e+02
617           	3.097299e+02
618           	3.097316e+02
619           	3.097332e+02
620           	3.097349e+02
621           	3.097365e+02
622           	3.097382e+02
623           	3.097398e+02
624           	3.097414e+02
625           	3.097430e+02
626           	3.097446e+02
627           	3.097463e+02
628           	3.097478e+02
629           	3.097494e+02
630           	3.097510e+02
631           	3.097526e+02
632           	3.097542e+02
633           	3.097557e+02
634           	3.097573e+02
635           	3.097588e+02
636           	3.097604e+02
637           	3.097619e+02
638           	3.097634e+02
639           	3.097649e+02
640           	3.097665e+02
641           	3.097680e+02
642           	3.097695e+02
643           	3.097710e+02
644           	3.097724e+02
645           	3.097739e+02
646           	3.097754e+02
647           	3.097769e+02
648           	3.097783e+02
649           	3.097798e+02
650           	3.097812e+02
651           	3.097826e+02
652           	3.097841e+02
653           	3.097855e+02
654           	3.097869e+02
655           	3.097883e+02
656           	3.097897e+02
657           	3.097911e+02
658           	3.097925e+02
659           	3.097939e+02
660           	3.097952e+02
661           	3.097966e+02
662           	3.097980e+02
663           	3.097993e+02
664           	3.098007e+02
665           	3.098020e+02
666           	3.098033e+02
667           	3.098046e+02
668           	3.098060e+02
669           	3.098073e+02
670           	3.098086e+02
671           	3.098099e+02
672           	3.098112e+02
673           	3.098125e+02
674           	3.098137e+02
675           	3.098150e+02
676           	3.098163e+02
677           	3.098175e+02
678           	3.098188e+02
679           	3.098200e+02
680           	3.098213e+02
681           	3.098225e+02
682           	3.098237e+02
683           	3.098249e+02
684           	3.098262e+02
685           	3.098274e+02
686           	3.098286e+02
687           	3.098298e+02
688           	3.098310e+02
689           	3.098322e+02
690           	3.098333e+02
691           	3.098345e+02
692           	3.098357e+02
693           	3.098368e+02
694           	3.098380e+02
695           	3.098391e+02
696           	3.098403e+02
697           	3.098414e+02
698           	3.098426e+02
699           	3.098437e+02
700           	3.098448e+02
701           	3.098459e+02
702           	3.098470e+02
703           	3.098481e+02
704           	3.098493e+02
705           	3.098503e+02
706           	3.098514e+02
707           	3.098525e+02
708           	3.098536e+02
709           	3.098547e+02
710           	3.098558e+02
711           	3.098568e+02
712           	3.098579e+02
713           	3.098589e+02
714           	3.098600e+02
715           	3.098610e+02
716           	3.098621e+02
717           	3.098631e+02
718           	3.098641e+02
719           	3.098651e+02
720           	3.098661e+02
721           	3.098672e+02
722           	3.098682e+02
723           	3.098692e+02
724           	3.098702e+02
725           	3.098711e+02
726           	3.098721e+02
727           	3.098731e+02
728           	3.098741e+02
729           	3.098751e+02
730           	3.098760e+02
731           	3.098770e+02
732           	3.098779e+02
733           	3.098789e+02
734           	3.098798e+02
735           	3.098808e+02
736           	3.098817e+02
737           	3.098827e+02
738           	3.098836e+02
739           	3.098845e+02
740           	3.098854e+02
741           	3.098863e+02
742           	3.098873e+02
743           	3.098882e+02
744           	3.098891e+02
745           	3.098900e+02
746           	3.098909e+02
747           	3.098918e+02
748           	3.098927e+02
749           	3.098936e+02
750           	3.098944e+02
751           	3.098953e+02
752           	3.098962e+02
753           	3.098971e+02
754           	3.098979e+02
755           	3.098988e+02
756           	3.098997e+02
757           	3.099005e+02
758           	3.099014e+02
759           	3.099022e+02
760           	3.099031e+02
761           	3.099039e+02
762           	3.099048e+02
763           	3.099056e+02
764           	3.099064e+02
765           	3.099073e+02
766           	3.099081e+02
767           	3.099089e+02
768           	3.099097e+02
769           	3.099106e+02
770           	3.099114e+02
771           	3.099122e+02
772           	3.099130e+02
773           	3.099138e+02
774           	3.099146e+02
775           	3.099154e+02
776           	3.099162e+02
777           	3.099170e+02
778           	3.099178e+02
779           	3.099186e+02
780           	3.099194e+02
781           	3.099201e+02
782           	3.099209e+02
783           	3.099217e+02
784           	3.099225e+02
785           	3.099232e+02
786           	3.099240e+02
787           	3.099248e+02
788           	3.099255e+02
789           	3.099263e+02
790           	3.099270e+02
791           	3.099278e+02
792           	3.099285e+02
793           	3.099293e+02
794           	3.099300e+02
795           	3.099308e+02
796           	3.099315e+02
797           	3.099322e+02
798           	3.099329e+02
799           	3.099336e+02
800           	3.099344e+02
801           	3.099351e+02
802           	3.099358e+02
803           	3.099365e+02
804           	3.099372e+02
805           	3.099379e+02
806           	3.099386e+02
807           	3.099392e+02
808           	3.099399e+02
809           	3.099406e+02
810           	3.099413e+02
811           	3.099419e+02
812           	3.099426e+02
813           	3.099432e+02
814           	3.099439e+02
815           	3.099445e+02
816           	3.099452e+02
817           	3.099458e+02
818           	3.099464e+02
819           	3.099470e+02
820           	3.099477e+02
821           	3.099483e+02
822           	3.099489e+02
823           	3.099495e+02
824           	3.099501e+02
825           	3.099507e+02
826           	3.099513e+02
827           	3.099519e+02
828           	3.099525e+02
829           	3.099531e+02
830           	3.099536e+02
831           	3.099542e+02
832           	3.099548e+02
833           	3.099553e+02
834           	3.099559e+02
835           	3.099565e+02
836           	3.099570e+02
837           	3.099576e+02
838           	3.099581e+02
839           	3.099587e+02
840           	3.099592e+02
841           	3.099598e+02
842           	3.099603e+02
843           	3.099608e+02
844           	3.099614e+02
845           	3.099619e+02
846           	3.099624e+02
847           	3.099630e+02
848           	3.099635e+02
849           	3.099640e+02
850           	3.099645e+02
851           	3.099650e+02
852           	3.099655e+02
853           	3.099661e+02
854           	3.099666e+02
855           	3.099671e+02
856           	3.099676e+02
857           	3.099681e+02
858           	3.099685e+02
859           	3.099690e+02
860           	3.099695e+02
861           	3.099700e+02
862           	3.099705e+02
863           	3.099710e+02
864           	3.099714e+02
865           	3.099719e+02
866           	3.099724e+02
867           	3.099728e+02
868           	3.099733e+02
869           	3.099737e+02
870           	3.099742e+02
871           	3.099747e+02
872           	3.099751e+02
873           	3.099756e+02
874           	3.099760e+02
875           	3.099765e+02
876           	3.099769e+02
877           	3.099774e+02
878           	3.099778e+02
879           	3.099783e+02
880           	3.099787e+02
881           	3.099791e+02
882           	3.099796e+02
883           	3.099800e+02
884           	3.099804e+02
885           	3.099809e+02
886           	3.099813e+02
887           	3.099817e+02
888           	3.099822e+02
889           	3.099826e+02
890           	3.099830e+02
891           	3.099835e+02
892           	3.099839e+02
893           	3.099843e+02
894           	3.099847e+02
895           	3.099852e+02
896           	3.099856e+02
897           	3.099860e+02
898           	3.099864e+02
899           	3.099869e+02
900           	3.099873e+02
901           	3.099877e+02
902           	3.099881e+02
903           	3.099885e+02
904           	3.099889e+02
905           	3.099893e+02
906           	3.099897e+02
907           	3.099902e+02
908           	3.099905e+02
909           	3.099909e+02
910           	3.099913e+02
911           	3.099917e+02
912           	3.099921e+02
913           	3.099925e+02
914           	3.099929e+02
915           	3.099933e+02
916           	3.099936e+02
917           	3.099940e+02
918           	3.099943e+02
919           	3.099947e+02
920           	3.099951e+02
921           	3.099954e+02
922           	3.099957e+02
923           	3.099961e+02
924           	3.099964e+02
925           	3.099967e+02
926           	3.099971e+02
927           	3.099974e+02
928           	3.099977e+02
929           	3.099980e+02
930           	3.099983e+02
931           	3.099986e+02
932           	3.099989e+02
933           	3.099992e+02
934           	3.099994e+02
935           	3.099997e+02
936           	3.100000e+02
937           	3.100002e+02
938           	3.100005e+02
939           	3.100008e+02
940           	3.100010e+02
941           	3.100013e+02
942           	3.100015e+02
943           	3.100017e+02
944           	3.100020e+02
945           	3.100022e+02
946           	3.100024e+02
947           	3.100026e+02
948           	3.100029e+02
949           	3.100031e+02
950           	3.100033e+02
951           	3.100035e+02
952           	3.100037e+02
953           	3.100038e+02
954           	3.100040e+02
955           	3.100042e+02
956           	3.100044e+02
957           	3.100046e+02
958           	3.100047e+02
959           	3.100049e+02
960           	3.100051e+02
961           	3.100052e+02
962           	3.100054e+02
963           	3.100056e+02
964           	3.100057e+02
965           	3.100059e+02
966           	3.100060e+02
967           	3.100062e+02
968           	3.100063e+02
969           	3.100065e+02
970           	3.100066e+02
971           	3.100068e+02
972           	3.100069e+02
973           	3.100071e+02
974           	3.100072e+02
975           	3.100074e+02
976           	3.100075e+02
977           	3.100077e+02
978           	3.100078e+02
979           	3.100080e+02
980           	3.100081e+02
981           	3.100083e+02
982           	3.100085e+02
983           	3.100086e+02
984           	3.100088e+02
985           	3.100089e+02
986           	3.100091e+02
987           	3.100093e+02
988           	3.100094e+02
989           	3.100096e+02
990           	3.100097e+02
991           	3.100099e+02
992           	3.100101e+02
993           	3.100102e+02
994           	3.100104e+02
995           	3.100106e+02
996           	3.100107e+02
997           	3.100109e+02
998           	3.100111e+02
999           	3.100112e+02
1000          	3.100114e+02
1001          	3.100116e+02
1002          	3.100118e+02
1003          	3.100120e+02
1004          	3.100121e+02
1005          	3.100123e+02
1006          	3.100125e+02
1007          	3.100127e+02
1008          	3.100129e+02
1009          	3.100131e+02
1010          	3.100133e+02
1011          	3.100134e+02
1012          	3.100136e+02
1013          	3.100138e+02
1014          	3.100140e+02
1015          	3.100142e+02
1016          	3.100144e+02
1017          	3.100146e+02
1018          	3.100148e+02
1019          	3.100151e+02
1020          	3.100153e+02
1021          	3.100155e+02
1022          	3.100157e+02
1023          	3.100159e+02
1024          	3.100161e+02
1025          	3.100163e+02
1026          	3.100165e+02
1027          	3.100168e+02
1028          	3.100170e+02
1029          	3.100172e+02
1030          	3.100174e+02
1031          	3.100177e+02
1032          	3.100179e+02
1033          	3.100181e+02
1034          	3.100184e+02
1035          	3.100186e+02
1036          	3.100189e+02
1037          	3.100191e+02
1038          	3.100193e+02
1039          	3.100196e+02
1040          	3.100198e+02
1041          	3.100201e+02
1042          	3.100203e+02
1043          	3.100206e+02
1044          	3.100208e+02
1045          	3.100211e+02
1046          	3.100213e+02
1047          	3.100216e+02
1048          	3.100219e+02
1049          	3.100221e+02
1050          	3.100224e+02
1051          	3.100227e+02
1052          	3.100229e+02
1053          	3.100232e+02
1054          	3.100235e+02
1055          	3.100238e+02
1056          	3.100240e+02
1057          	3.100243e+02
1058          	3.100246e+02
1059          	3.100248e+02
1060          	3.100251e+02
1061          	3.100254e+02
1062          	3.100257e+02
1063          	3.100260e+02
1064          	3.100262e+02
1065          	3.100265e+02
1066          	3.100268e+02
1067          	3.100271e+02
1068          	3.100273e+02
1069          	3.100276e+02
1070          	3.100279e+02
1071          	3.100281e+02
1072          	3.100284e+02
1073          	3.100287e+02
1074          	3.100289e+02
1075          	3.100292e+02
1076          	3.100295e+02
1077          	3.100297e+02
1078          	3.100300e+02
1079          	3.100302e+02
1080          	3.100305e+02
1081          	3.100308e+02
1082          	3.100310e+02
1083          	3.100313e+02
1084          	3.100315e+02
1085          	3.100317e+02
1086          	3.100320e+02
1087          	3.100322e+02
1088          	3.100325e+02
1089          	3.100327e+02
1090          	3.100329e+02
1091          	3.100332e+02
1092          	3.100334e+02
1093          	3.100336e+02
1094          	3.100338e+02
1095          	3.100341e+02
1096          	3.100343e+02
1097          	3.100345e+02
1098          	3.100347e+02
1099          	3.100349e+02
1100          	3.100352e+02
1101          	3.100354e+02
1102          	3.100356e+02
1103          	3.100358e+02
1104          	3.100360e+02
1105          	3.100362e+02
1106          	3.100364e+02
1107          	3.100366e+02
1108          	3.100368e+02
1109          	3.100369e+02
1110          	3.100371e+02
1111          	3.100373e+02
1112          	3.100375e+02
1113          	3.100376e+02
1114          	3.100378e+02
1115          	3.100379e+02
1116          	3.100381e+02
1117          	3.100382e+02
1118          	3.100384e+02
1119          	3.100385e+02
1120          	3.100386e+02
1121          	3.100388e+02
1122          	3.100389e+02
1123          	3.100390e+02
1124          	3.100391e+02
1125          	3.100392e+02
1126          	3.100392e+02
1127          	3.100393e+02
1128          	3.100394e+02
1129          	3.100394e+02
1130          	3.100395e+02
1131          	3.100395e+02
1132          	3.100396e+02
1133          	3.100396e+02
1134          	3.100396e+02
1135          	3.100396e+02
1136          	3.100396e+02
1137          	3.100396e+02
1138          	3.100396e+02
1139          	3.100396e+02
1140          	3.100396e+02
1141          	3.100395e+02
1142          	3.100395e+02
1143          	3.100394e+02
1144          	3.100394e+02
1145          	3.100393e+02
1146          	3.100393e+02
1147          	3.100392e+02
1148          	3.100391e+02
1149          	3.100391e+02
1150          	3.100390e+02
1151          	3.100389e+02
1152          	3.100388e+02
1153          	3.100387e+02
1154          	3.100386e+02
1155          	3.100385e+02
1156          	3.100384e+02
1157          	3.100383e+02
1158          	3.100382e+02
1159          	3.100381e+02
1160          	3.100380e+02
1161          	3.100379e+02
1162          	3.100378e+02
1163          	3.100377e+02
1164          	3.100375e+02
1165          	3.100374e+02
1166          	3.100373e+02
1167          	3.100372e+02
1168          	3.100371e+02
1169          	3.100370e+02
1170          	3.100368e+02
1171          	3.100367e+02
1172          	3.100366e+02
1173          	3.100365e+02
1174          	3.100363e+02
1175          	3.100362e+02
1176          	3.100361e+02
1177          	3.100360e+02
1178          	3.100359e+02
1179          	3.100358e+02
1180          	3.100356e+02
1181          	3.100355e+02
1182          	3.100354e+02
1183          	3.100353e+02
1184          	3.100352e+02
1185          	3.100351e+02
1186          	3.100350e+02
1187          	3.100349e+02
1188          	3.100348e+02
1189          	3.100347e+02
1190          	3.100346e+02
1191          	3.100345e+02
1192          	3.100344e+02
1193          	3.100343e+02
1194          	3.100343e+02
1195          	3.100342e+02
1196          	3.100341e+02
1197          	3.100340e+02
1198          	3.100340e+02
1199          	3.100339e+02
1200          	3.100338e+02
1201          	3.100338e+02
1202          	3.100337e+02
1203          	3.100337e+02
1204          	3.100337e+02
1205          	3.100336e+02
1206          	3.100336e+02
1207          	3.100336e+02
1208          	3.100335e+02
1209          	3.100335e+02
1210          	3.100335e+02
1211          	3.100335e+02
1212          	3.100335e+02
1213          	3.100335e+02
1214          	3.100336e+02
1215          	3.100336e+02
1216          	3.100336e+02
1217          	3.100336e+02
1218          	3.100337e+02
1219          	3.100337e+02
1220          	3.100338e+02
1221          	3.100338e+02
1222          	3.100339e+02
1223          	3.100340e+02
1224          	3.100341e+02
1225          	3.100342e+02
1226          	3.100343e+02
1227          	3.100344e+02
1228          	3.100345e+02
1229          	3.100346e+02
1230          	3.100347e+02
1231          	3.100349e+02
1232          	3.100350e+02
1233          	3.100351e+02
1234          	3.100353e+02
1235          	3.100354e+02
1236          	3.100356e+02
1237          	3.100357e+02
1238          	3.100359e+02
1239          	3.100360e+02
1240          	3.100362e+02
1241          	3.100364e+02
1242          	3.100365e+02
1243          	3.100367e+02
1244          	3.100369e+02
1245          	3.100371e+02
1246          	3.100373e+02
1247          	3.100375e+02
1248          	3.100377e+02
1249          	3.100379e+02
1250          	3.100381e+02
1251          	3.100383e+02
1252          	3.100385e+02
1253          	3.100387e+02
1254          	3.100389e+02
1255          	3.100391e+02
1256          	3.100393e+02
1257          	3.100395e+02
1258          	3.100397e+02
1259          	3.100400e+02
1260          	3.100402e+02
1261          	3.100404e+02
1262          	3.100406e+02
1263          	3.100408e+02
1264          	3.100411e+02
1265          	3.100413e+02
1266          	3.100415e+02
1267          	3.100418e+02
1268          	3.100420e+02
1269          	3.100422e+02
1270          	3.100424e+02
1271          	3.100427e+02
1272          	3.100429e+02
1273          	3.100431e+02
1274          	3.100434e+02
1275          	3.100436e+02
1276          	3.100438e+02
1277          	3.100440e+02
1278          	3.100442e+02
1279          	3.100445e+02
1280          	3.100447e+02
1281          	3.100449e+02
1282          	3.100451e+02
1283          	3.100453e+02
1284          	3.100455e+02
1285          	3.100457e+02
1286          	3.100458e+02
1287          	3.100460e+02
1288          	3.100462e+02
1289          	3.100464e+02
1290          	3.100465e+02
1291          	3.100467e+02
1292          	3.100469e+02
1293          	3.100470e+02
1294          	3.100472e+02
1295          	3.100473e+02
1296          	3.100474e+02
1297          	3.100476e+02
1298          	3.100477e+02
1299          	3.100478e+02
1300          	3.100479e+02
1301          	3.100480e+02
1302          	3.100481e+02
1303          	3.100482e+02
1304          	3.100483e+02
1305          	3.100483e+02
1306          	3.100484e+02
1307          	3.100485e+02
1308          	3.100485e+02
1309          	3.100486e+02
1310          	3.100486e+02
1311          	3.100486e+02
1312          	3.100487e+02
1313          	3.100487e+02
1314          	3.100487e+02
1315          	3.100487e+02
1316          	3.100487e+02
1317          	3.100487e+02
1318          	3.100487e+02
1319          	3.100487e+02
1320          	3.100487e+02
1321          	3.100486e+02
1322          	3.100486e+02
1323          	3.100486e+02
1324          	3.100485e+02
1325          	3.100485e+02
1326          	3.100484e+02
1327          	3.100484e+02
1328          	3.100483e+02
1329          	3.100483e+02
1330          	3.100482e+02
1331          	3.100481e+02
1332          	3.100481e+02
1333          	3.100480e+02
1334          	3.100479e+02
1335          	3.100478e+02
1336          	3.100478e+02
1337          	3.100477e+02
1338          	3.100476e+02
1339          	3.100475e+02
1340          	3.100474e+02
1341          	3.100473e+02
1342          	3.100472e+02
1343          	3.100471e+02
1344          	3.100470e+02
1345          	3.100469e+02
1346          	3.100468e+02
1347          	3.100467e+02
1348          	3.100466e+02
1349          	3.100465e+02
1350          	3.100464e+02
1351          	3.100463e+02
1352          	3.100461e+02
1353          	3.100460e+02
1354          	3.100459e+02
1355          	3.100458e+02
1356          	3.100457e+02
1357          	3.100456e+02
1358          	3.100455e+02
1359          	3.100454e+02
1360          	3.100452e+02
1361          	3.100451e+02
1362          	3.100450e+02
1363          	3.100449e+02
1364          	3.100448e+02
1365          	3.100447e+02
1366          	3.100446e+02
1367          	3.100445e+02
1368          	3.100444e+02
1369          	3.100443e+02
1370          	3.100442e+02
1371          	3.100441e+02
1372          	3.100440e+02
1373          	3.100439e+02
1374          	3.100438e+02
1375          	3.100437e+02
1376          	3.100436e+02
1377          	3.100436e+02
1378          	3.100435e+02
1379          	3.100434e+02
1380          	3.100434e+02
1381          	3.100433e+02
1382          	3.100433e+02
1383          	3.100432e+02
1384          	3.100432e+02
1385          	3.100432e+02
1386          	3.100432e+02
1387          	3.100432e+02
1388          	3.100431e+02
1389          	3.100432e+02
1390          	3.100432e+02
1391          	3.100432e+02
1392          	3.100432e+02
1393          	3.100432e+02
1394          	3.100433e+02
1395          	3.100433e+02
1396          	3.100433e+02
1397          	3.100434e+02
1398          	3.100435e+02
1399          	3.100435e+02
1400          	3.100436e+02
1401          	3.100437e+02
1402          	3.100437e+02
1403          	3.100438e+02
1404          	3.100439e+02
1405          	3.100440e+02
1406          	3.100441e+02
1407          	3.100442e+02
1408          	3.100444e+02
1409          	3.100445e+02
1410          	3.100446e+02
1411          	3.100447e+02
1412          	3.100449e+02
1413          	3.100450e+02
1414          	3.100451e+02
1415          	3.100453e+02
1416          	3.100454e+02
1417          	3.100456e+02
1418          	3.100457e+02
1419          	3.100459e+02
1420          	3.100460e+02
1421          	3.100462e+02
1422          	3.100463e+02
1423          	3.100465e+02
1424          	3.100467e+02
1425          	3.100468e+02
1426          	3.100470e+02
1427          	3.100471e+02
1428          	3.100473e+02
1429          	3.100475e+02
1430          	3.100477e+02
1431          	3.100478e+02
1432          	3.100480e+02
1433          	3.100482e+02
1434          	3.100484e+02
1435          	3.100485e+02
1436          	3.100487e+02
1437          	3.100489e+02
1438          	3.100491e+02
1439          	3.100493e+02
1440          	3.100495e+02
1441          	3.100496e+02
1442          	3.100498e+02
1443          	3.100500e+02
1444          	3.100502e+02
1445          	3.100504e+02
1446          	3.100506e+02
1447          	3.100508e+02
1448          	3.100510e+02
1449          	3.100512e+02
1450          	3.100514e+02
1451          	3.100516e+02
1452          	3.100518e+02
1453          	3.100520e+02
1454          	3.100522e+02
1455          	3.100524e+02
1456          	3.100526e+02
1457          	3.100527e+02
1458          	3.100529e+02
1459          	3.100531e+02
1460          	3.100533e+02
1461          	3.100535e+02
1462          	3.100536e+02
1463          	3.100538e+02
1464          	3.100540e+02
1465          	3.100541e+02
1466          	3.100543e+02
1467          	3.100544e+02
1468          	3.100546e+02
1469          	3.100547e+02
1470          	3.100548e+02
1471          	3.100550e+02
1472          	3.100551e+02
1473          	3.100552e+02
1474          	3.100553e+02
1475          	3.100554e+02
1476          	3.100555e+02
1477          	3.100556e+02
1478          	3.100557e+02
1479          	3.100558e+02
1480          	3.100559e+02
1481          	3.100560e+02
1482          	3.100561e+02
1483          	3.100561e+02
1484          	3.100562e+02
1485          	3.100563e+02
1486          	3.100563e+02
1487          	3.100564e+02
1488          	3.100564e+02
1489          	3.100564e+02
1490          	3.100565e+02
1491          	3.100565e+02
1492          	3.100565e+02
1493          	3.100566e+02
1494          	3.100566e+02
1495          	3.100566e+02
1496          	3.100566e+02
1497          	3.100567e+02
1498          	3.100567e+02
1499          	3.100567e+02
1500          	3.100567e+02
1501          	3.100567e+02
1502          	3.100567e+02
1503          	3.100567e+02
1504          	3.100567e+02
1505          	3.100566e+02
1506          	3.100566e+02
1507          	3.100566e+02
1508          	3.100566e+02
1509          	3.100565e+02
1510          	3.100565e+02
1511          	3.100565e+02
1512          	3.100564e+02
1513          	3.100564e+02
1514          	3.100563e+02
1515          	3.100562e+02
1516          	3.100562e+02
1517          	3.100561e+02
1518          	3.100560e+02
1519          	3.100560e+02
1520          	3.100559e+02
1521          	3.100558e+02
1522          	3.100557e+02
1523          	3.100556e+02
1524          	3.100555e+02
1525          	3.100554e+02
1526          	3.100553e+02
1527          	3.100552e+02
1528          	3.100551e+02
1529          	3.100550e+02
1530          	3.100549e+02
1531          	3.100547e+02
1532          	3.100546e+02
1533          	3.100545e+02
1534          	3.100544e+02
1535          	3.100542e+02
1536          	3.100541e+02
1537          	3.100540e+02
1538          	3.100538e+02
1539          	3.100537e+02
1540          	3.100536e+02
1541          	3.100534e+02
1542          	3.100533e+02
1543          	3.100532e+02
1544          	3.100530e+02
1545          	3.100529e+02
1546          	3.100528e+02
1547          	3.100526e+02
1548          	3.100525e+02
1549          	3.100524e+02
1550          	3.100522e+02
1551          	3.100521e+02
1552          	3.100520e+02
1553          	3.100518e+02
1554          	3.100517e+02
1555          	3.100516e+02
1556          	3.100514e+02
1557          	3.100513e+02
1558          	3.100512e+02
1559          	3.100511e+02
1560          	3.100510e+02
1561          	3.100509e+02
1562          	3.100508e+02
1563          	3.100507e+02
1564          	3.100506e+02
1565          	3.100505e+02
1566          	3.100504e+02
1567          	3.100503e+02
1568          	3.100502e+02
1569          	3.100502e+02
1570          	3.100501e+02
1571          	3.100501e+02
1572          	3.100500e+02
1573          	3.100500e+02
1574          	3.100499e+02
1575          	3.100499e+02
1576          	3.100499e+02
1577          	3.100498e+02
1578          	3.100498e+02
1579          	3.100498e+02
1580          	3.100498e+02
1581          	3.100498e+02
1582          	3.100498e+02
1583          	3.100498e+02
1584          	3.100498e+02
1585          	3.100499e+02
1586          	3.100499e+02
1587          	3.100499e+02
1588          	3.100500e+02
1589          	3.100500e+02
1590          	3.100501e+02
1591          	3.100501e+02
1592          	3.100502e+02
1593          	3.100503e+02
1594          	3.100503e+02
1595          	3.100504e+02
1596          	3.100505e+02
1597          	3.100506e+02
1598          	3.100507e+02
1599          	3.100508e+02
1600          	3.100509e+02
1601          	3.100510e+02
1602          	3.100511e+02
1603          	3.100512e+02
1604          	3.100514e+02
1605          	3.100515e+02
1606          	3.100516e+02
1607          	3.100517e+02
1608          	3.100519e+02
1609          	3.100520e+02
1610          	3.100521e+02
1611          	3.100523e+02
1612          	3.100524e+02
1613          	3.100526e+02
1614          	3.100527e+02
1615          	3.100529e+02
1616          	3.100530e+02
1617          	3.100531e+02
1618          	3.100533e+02
1619          	3.100534e+02
1620          	3.100536e+02
1621          	3.100537e+02
1622          	3.100539e+02
1623          	3.100540e+02
1624          	3.100542e+02
1625          	3.100543e+02
1626          	3.100545e+02
1627          	3.100546e+02
1628          	3.100547e+02
1629          	3.100549e+02
1630          	3.100550e+02
1631          	3.100551e+02
1632          	3.100553e+02
1633          	3.100554e+02
1634          	3.100555e+02
1635          	3.100557e+02
1636          	3.100558e+02
1637          	3.100559e+02
1638          	3.100560e+02
1639          	3.100561e+02
1640          	3.100563e+02
1641          	3.100564e+02
1642          	3.100565e+02
1643          	3.100566e+02
1644          	3.100567e+02
1645          	3.100569e+02
1646          	3.100570e+02
1647          	3.100571e+02
1648          	3.100572e+02
1649          	3.100573e+02
1650          	3.100574e+02
1651          	3.100575e+02
1652          	3.100576e+02
1653          	3.100577e+02
1654          	3.100578e+02
1655          	3.100579e+02
1656          	3.100580e+02
1657          	3.100581e+02
1658          	3.100582e+02
1659          	3.100583e+02
1660          	3.100584e+02
1661          	3.100585e+02
1662          	3.100586e+02
1663          	3.100587e+02
1664          	3.100588e+02
1665          	3.100589e+02
1666          	3.100589e+02
1667          	3.100590e+02
1668          	3.100591e+02
1669          	3.100592e+02
1670          	3.100592e+02
1671          	3.100593e+02
1672          	3.100594e+02
1673          	3.100594e+02
1674          	3.100595e+02
1675          	3.100595e+02
1676          	3.100596e+02
1677          	3.100596e+02
1678          	3.100597e+02
1679          	3.100597e+02
1680          	3.100598e+02
1681          	3.100598e+02
1682          	3.100598e+02
1683          	3.100599e+02
1684          	3.100599e+02
1685          	3.100599e+02
1686          	3.100600e+02
1687          	3.100600e+02
1688          	3.100600e+02
1689          	3.100600e+02
1690          	3.100600e+02
1691          	3.100600e+02
1692          	3.100600e+02
1693          	3.100600e+02
1694          	3.100600e+02
1695          	3.100600e+02
1696          	3.100600e+02
1697          	3.100600e+02
1698          	3.100600e+02
1699          	3.100600e+02
1700          	3.100599e+02
1701          	3.100599e+02
1702          	3.100599e+02
1703          	3.100599e+02
1704          	3.100598e+02
1705          	3.100598e+02
1706          	3.100597e+02
1707          	3.100597e+02
1708          	3.100596e+02
1709          	3.100596e+02
1710          	3.100595e+02
1711          	3.100594e+02
1712          	3.100594e+02
1713          	3.100593e+02
1714          	3.100592e+02
1715          	3.100592e+02
1716          	3.100591e+02
1717          	3.100590e+02
1718          	3.100589e+02
1719          	3.100588e+02
1720          	3.100587e+02
1721          	3.100587e+02
1722          	3.100586e+02
1723          	3.100585e+02
1724          	3.100584e+02
1725          	3.100583e+02
1726          	3.100582e+02
1727          	3.100581e+02
1728          	3.100580e+02
1729          	3.100579e+02
1730          	3.100579e+02
1731          	3.100578e+02
1732          	3.100577e+02
1733          	3.100576e+02
1734          	3.100575e+02
1735          	3.100574e+02
1736          	3.100573e+02
1737          	3.100572e+02
1738          	3.100571e+02
1739          	3.100570e+02
1740          	3.100570e+02
1741          	3.100569e+02
1742          	3.100568e+02
1743          	3.100567e+02
1744          	3.100566e+02
1745          	3.100565e+02
1746          	3.100565e+02
1747          	3.100564e+02
1748          	3.100563e+02
1749          	3.100562e+02
1750          	3.100561e+02
1751          	3.100561e+02
1752          	3.100560e+02
1753          	3.100559e+02
1754          	3.100558e+02
1755          	3.100558e+02
1756          	3.100557e+02
1757          	3.100556e+02
1758          	3.100556e+02
1759          	3.100555e+02
1760          	3.100555e+02
1761          	3.100554e+02
1762          	3.100554e+02
1763          	3.100553e+02
1764          	3.100553e+02
1765          	3.100552e+02
1766          	3.100552e+02
1767          	3.100551e+02
1768          	3.100551e+02
1769          	3.100551e+02
1770          	3.100550e+02
1771          	3.100550e+02
1772          	3.100550e+02
1773          	3.100549e+02
1774          	3.100549e+02
1775          	3.100549e+02
1776          	3.100549e+02
1777          	3.100548e+02
1778          	3.100548e+02
1779          	3.100548e+02
1780          	3.100548e+02
1781          	3.100548e+02
1782          	3.100547e+02
1783          	3.100547e+02
1784          	3.100547e+02
1785          	3.100547e+02
1786          	3.100547e+02
1787          	3.100547e+02
1788          	3.100546e+02
1789          	3.100546e+02
1790          	3.100546e+02
1791          	3.100546e+02
1792          	3.100546e+02
1793          	3.100546e+02
1794          	3.100546e+02
1795          	3.100546e+02
1796          	3.100545e+02
1797          	3.100545e+02
1798          	3.100545e+02
1799          	3.100545e+02
1800          	3.100545e+02
1801          	3.100545e+02
1802          	3.100545e+02
1803          	3.100545e+02
1804          	3.100545e+02
1805          	3.100545e+02
1806          	3.100545e+02
1807          	3.100545e+02
1808          	3.100545e+02
1809          	3.100544e+02
1810          	3.100544e+02
1811          	3.100544e+02
1812          	3.100544e+02
1813          	3.100544e+02
1814          	3.100544e+02
1815          	3.100544e+02
1816          	3.100544e+02
1817          	3.100544e+02
1818          	3.100544e+02
1819          	3.100544e+02
1820          	3.100544e+02
1821          	3.100544e+02
1822          	3.100544e+02
1823          	3.100544e+02
1824          	3.100544e+02
1825          	3.100544e+02
1826          	3.100543e+02
1827          	3.100543e+02
1828          	3.100543e+02
1829          	3.100543e+02
1830          	3.100543e+02
1831          	3.100543e+02
1832          	3.100543e+02
1833          	3.100543e+02
1834          	3.100543e+02
1835          	3.100543e+02
1836          	3.100543e+02
1837          	3.100543e+02
1838          	3.100543e+02
1839          	3.100543e+02
1840          	3.100543e+02
1841          	3.100543e+02
1842          	3.100543e+02
1843          	3.100543e+02
1844          	3.100543e+02
1845          	3.100543e+02
1846          	3.100543e+02
1847          	3.100543e+02
1848          	3.100543e+02
1849          	3.100543e+02
1850          	3.100543e+02
1851          	3.100543e+02
1852          	3.100543e+02
1853          	3.100543e+02
1854          	3.100543e+02
1855          	3.100543e+02
1856          	3.100543e+02
1857          	3.100543e+02
1858          	3.100544e+02
1859          	3.100544e+02
1860          	3.100544e+02
1861          	3.100544e+02
1862          	3.100544e+02
1863          	3.100544e+02
1864          	3.100544e+02
1865          	3.100544e+02
1866          	3.100544e+02
1867          	3.100545e+02
1868          	3.100545e+02
1869          	3.100545e+02
1870          	3.100545e+02
1871          	3.100546e+02
1872          	3.100546e+02
1873          	3.100546e+02
1874          	3.100546e+02
1875          	3.100547e+02
1876          	3.100547e+02
1877          	3.100547e+02
1878          	3.100547e+02
1879          	3.100548e+02
1880          	3.100548e+02
1881          	3.100548e+02
1882          	3.100549e+02
1883          	3.100549e+02
1884          	3.100549e+02
1885          	3.100550e+02
1886          	3.100550e+02
1887          	3.100551e+02
1888          	3.100551e+02
1889          	3.100551e+02
1890          	3.100552e+02
1891          	3.100552e+02
1892          	3.100552e+02
1893          	3.100553e+02
1894          	3.100553e+02
1895          	3.100553e+02
1896          	3.100554e+02
1897          	3.100554e+02
1898          	3.100554e+02
1899          	3.100554e+02
1900          	3.100555e+02
1901          	3.100555e+02
1902          	3.100555e+02
1903          	3.100556e+02
1904          	3.100556e+02
1905          	3.100556e+02
1906          	3.100556e+02
1907          	3.100556e+02
1908          	3.100556e+02
1909          	3.100557e+02
1910          	3.100557e+02
1911          	3.100557e+02
1912          	3.100557e+02
1913          	3.100557e+02
1914          	3.100557e+02
1915          	3.100557e+02
1916          	3.100558e+02
1917          	3.100558e+02
1918          	3.100558e+02
1919          	3.100558e+02
1920          	3.100558e+02
1921          	3.100558e+02
1922          	3.100558e+02
1923          	3.100558e+02
1924          	3.100558e+02
1925          	3.100558e+02
1926          	3.100558e+02
1927          	3.100558e+02
1928          	3.100558e+02
1929          	3.100558e+02
1930          	3.100558e+02
1931          	3.100558e+02
1932          	3.100558e+02
1933          	3.100558e+02
1934          	3.100558e+02
1935          	3.100558e+02
1936          	3.100558e+02
1937          	3.100558e+02
1938          	3.100558e+02
1939          	3.100558e+02
1940          	3.100557e+02
1941          	3.100557e+02
1942          	3.100557e+02
1943          	3.100557e+02
1944          	3.100557e+02
1945          	3.100556e+02
1946          	3.100556e+02
1947          	3.100556e+02
1948          	3.100556e+02
1949          	3.100555e+02
1950          	3.100555e+02
1951          	3.100555e+02
1952          	3.100555e+02
1953          	3.100554e+02
1954          	3.100554e+02
1955          	3.100554e+02
1956          	3.100553e+02
1957          	3.100553e+02
1958          	3.100553e+02
1959          	3.100553e+02
1960          	3.100552e+02
1961          	3.100552e+02
1962          	3.100552e+02
1963          	3.100552e+02
1964          	3.100551e+02
1965          	3.100551e+02
1966          	3.100551e+02
1967          	3.100551e+02
1968          	3.100550e+02
1969          	3.100550e+02
1970          	3.100550e+02
1971          	3.100550e+02
1972          	3.100550e+02
1973          	3.100550e+02
1974          	3.100550e+02
1975          	3.100549e+02
1976          	3.100549e+02
1977          	3.100549e+02
1978          	3.100549e+02
1979          	3.100549e+02
1980          	3.100549e+02
1981          	3.100549e+02
1982          	3.100549e+02
1983          	3.100549e+02
1984          	3.100549e+02
1985          	3.100549e+02
1986          	3.100549e+02
1987          	3.100549e+02
1988          	3.100549e+02
1989          	3.100549e+02
1990          	3.100549e+02
1991          	3.100549e+02
1992          	3.100549e+02
1993          	3.100549e+02
1994          	3.100549e+02
1995          	3.100549e+02
1996          	3.100549e+02
1997          	3.100549e+02
1998          	3.100549e+02
1999          	3.100549e+02
2000          	3.100549e+02
2001          	3.100549e+02
2002          	3.100550e+02
2003          	3.100550e+02
2004          	3.100550e+02
2005          	3.100550e+02
2006          	3.100550e+02
2007          	3.100550e+02
2008          	3.100549e+02
2009          	3.100549e+02
2010          	3.100549e+02
2011          	3.100549e+02
2012          	3.100549e+02
2013          	3.100549e+02
2014          	3.100549e+02
2015          	3.100549e+02
2016          	3.100549e+02
2017          	3.100549e+02
2018          	3.100549e+02
2019          	3.100549e+02
2020          	3.100549e+02
2021          	3.100548e+02
2022          	3.100548e+02
2023          	3.100548e+02
2024          	3.100548e+02
2025          	3.100548e+02
2026          	3.100548e+02
2027          	3.100548e+02
2028          	3.100548e+02
2029          	3.100547e+02
2030          	3.100547e+02
2031          	3.100547e+02
2032          	3.100547e+02
2033          	3.100547e+02
2034          	3.100547e+02
2035          	3.100547e+02
2036          	3.100547e+02
2037          	3.100546e+02
2038          	3.100546e+02
2039          	3.100546e+02
2040          	3.100546e+02
2041          	3.100546e+02
2042          	3.100546e+02
2043          	3.100546e+02
2044          	3.100546e+02
2045          	3.100547e+02
2046          	3.100547e+02
2047          	3.100547e+02
2048          	3.100547e+02
2049          	3.100547e+02
2050          	3.100547e+02
2051          	3.100547e+02
2052          	3.100547e+02
2053          	3.100548e+02
2054          	3.100548e+02
2055          	3.100548e+02
2056          	3.100548e+02
2057          	3.100548e+02
2058          	3.100549e+02
2059          	3.100549e+02
2060          	3.100549e+02
2061          	3.100549e+02
2062          	3.100550e+02
2063          	3.100550e+02
2064          	3.100550e+02
2065          	3.100551e+02
2066          	3.100551e+02
2067          	3.100552e+02
2068          	3.100552e+02
2069          	3.100553e+02
2070          	3.100553e+02
2071          	3.100554e+02
2072          	3.100554e+02
2073          	3.100555e+02
2074          	3.100555e+02
2075          	3.100556e+02
2076          	3.100556e+02
2077          	3.100557e+02
2078          	3.100557e+02
2079          	3.100558e+02
2080          	3.100558e+02
2081          	3.100559e+02
2082          	3.100560e+02
2083          	3.100560e+02
2084          	3.100561e+02
2085          	3.100561e+02
2086          	3.100562e+02
2087          	3.100562e+02
2088          	3.100563e+02
2089          	3.100563e+02
2090          	3.100563e+02
2091          	3.100564e+02
2092          	3.100564e+02
2093          	3.100564e+02
2094          	3.100565e+02
2095          	3.100565e+02
2096          	3.100565e+02
2097          	3.100565e+02
2098          	3.100566e+02
2099          	3.100566e+02
2100          	3.100566e+02
2101          	3.100566e+02
2102          	3.100566e+02
2103          	3.100566e+02
2104          	3.100566e+02
2105          	3.100566e+02
2106          	3.100566e+02
2107          	3.100566e+02
2108          	3.100566e+02
2109          	3.100566e+02
2110          	3.100566e+02
2111          	3.100566e+02
2112          	3.100566e+02
2113          	3.100566e+02
2114          	3.100566e+02
2115          	3.100565e+02
2116          	3.100565e+02
2117          	3.100565e+02
2118          	3.100565e+02
2119          	3.100564e+02
2120          	3.100564e+02
2121          	3.100564e+02
2122          	3.100564e+02
2123          	3.100563e+02
2124          	3.100563e+02
2125          	3.100563e+02
2126          	3.100562e+02
2127          	3.100562e+02
2128          	3.100562e+02
2129          	3.100561e+02
2130          	3.100561e+02
2131          	3.100561e+02
2132          	3.100560e+02
2133          	3.100560e+02
2134          	3.100559e+02
2135          	3.100559e+02
2136          	3.100558e+02
2137          	3.100558e+02
2138          	3.100557e+02
2139          	3.100557e+02
2140          	3.100557e+02
2141          	3.100556e+02
2142          	3.100556e+02
2143          	3.100555e+02
2144          	3.100555e+02
2145          	3.100554e+02
2146          	3.100554e+02
2147          	3.100553e+02
2148          	3.100553e+02
2149          	3.100553e+02
2150          	3.100552e+02
2151          	3.100552e+02
2152          	3.100552e+02
2153          	3.100551e+02
2154          	3.100551e+02
2155          	3.100551e+02
2156          	3.100551e+02
2157          	3.100551e+02
2158          	3.100550e+02
2159          	3.100550e+02
2160          	3.100550e+02
2161          	3.100550e+02
2162          	3.100550e+02
2163          	3.100550e+02
2164          	3.100550e+02
2165          	3.100550e+02
2166          	3.100550e+02
2167          	3.100551e+02
2168          	3.100551e+02
2169          	3.100551e+02
2170          	3.100552e+02
2171          	3.100552e+02
2172          	3.100552e+02
2173          	3.100553e+02
2174          	3.100553e+02
2175          	3.100554e+02
2176          	3.100555e+02
2177          	3.100555e+02
2178          	3.100556e+02
2179          	3.100556e+02
2180          	3.100557e+02
2181          	3.100558e+02
2182          	3.100558e+02
2183          	3.100559e+02
2184          	3.100560e+02
2185          	3.100560e+02
2186          	3.100561e+02
2187          	3.100561e+02
2188          	3.100562e+02
2189          	3.100562e+02
2190          	3.100562e+02
2191          	3.100563e+02
2192          	3.100563e+02
2193          	3.100563e+02
2194          	3.100563e+02
2195          	3.100563e+02
2196          	3.100563e+02
2197          	3.100563e+02
2198          	3.100563e+02
2199          	3.100563e+02
2200          	3.100563e+02
2201          	3.100563e+02
2202          	3.100563e+02
2203          	3.100563e+02
2204          	3.100562e+02
2205          	3.100562e+02
2206          	3.100562e+02
2207          	3.100561e+02
2208          	3.100561e+02
2209          	3.100560e+02
2210          	3.100560e+02
2211          	3.100559e+02
2212          	3.100559e+02
2213          	3.100558e+02
2214          	3.100558e+02
2215          	3.100557e+02
2216          	3.100556e+02
2217          	3.100556e+02
2218          	3.100555e+02
2219          	3.100554e+02
2220          	3.100554e+02
2221          	3.100553e+02
2222          	3.100552e+02
2223          	3.100552e+02
2224          	3.100551e+02
2225          	3.100550e+02
2226          	3.100550e+02
2227          	3.100549e+02
2228          	3.100548e+02
2229          	3.100548e+02
2230          	3.100547e+02
2231          	3.100546e+02
2232          	3.100545e+02
2233          	3.100545e+02
2234          	3.100544e+02
2235          	3.100543e+02
2236          	3.100542e+02
2237          	3.100542e+02
2238          	3.100541e+02
2239          	3.100540e+02
2240          	3.100539e+02
2241          	3.100538e+02
2242          	3.100538e+02
2243          	3.100537e+02
2244          	3.100536e+02
2245          	3.100535e+02
2246          	3.100534e+02
2247          	3.100533e+02
2248          	3.100532e+02
2249          	3.100531e+02
2250          	3.100530e+02
2251          	3.100529e+02
2252          	3.100528e+02
2253          	3.100527e+02
2254          	3.100526e+02
2255          	3.100525e+02
2256          	3.100524e+02
2257          	3.100523e+02
2258          	3.100522e+02
2259          	3.100521e+02
2260          	3.100520e+02
2261          	3.100519e+02
2262          	3.100518e+02
2263          	3.100517e+02
2264          	3.100516e+02
2265          	3.100514e+02
2266          	3.100513e+02
2267          	3.100512e+02
2268          	3.100511e+02
2269          	3.100509e+02
2270          	3.100508e+02
2271          	3.100507e+02
2272          	3.100505e+02
2273          	3.100504e+02
2274          	3.100502e+02
2275          	3.100501e+02
2276          	3.100499e+02
2277          	3.100498e+02
2278          	3.100496e+02
2279          	3.100495e+02
2280          	3.100493e+02
2281          	3.100492e+02
2282          	3.100490e+02
2283          	3.100488e+02
2284          	3.100487e+02
2285          	3.100485e+02
2286          	3.100483e+02
2287          	3.100482e+02
2288          	3.100480e+02
2289          	3.100478e+02
2290          	3.100476e+02
2291          	3.100475e+02
2292          	3.100473e+02
2293          	3.100471e+02
2294          	3.100470e+02
2295          	3.100468e+02
2296          	3.100466e+02
2297          	3.100465e+02
2298          	3.100463e+02
2299          	3.100461e+02
2300          	3.100460e+02
2301          	3.100458e+02
2302          	3.100456e+02
2303          	3.100455e+02
2304          	3.100453e+02
2305          	3.100452e+02
2306          	3.100450e+02
2307          	3.100449e+02
2308          	3.100448e+02
2309          	3.100446e+02
2310          	3.100445e+02
2311          	3.100444e+02
2312          	3.100442e+02
2313          	3.100441e+02
2314          	3.100440e+02
2315          	3.100439e+02
2316          	3.100438e+02
2317          	3.100437e+02
2318          	3.100436e+02
2319          	3.100435e+02
2320          	3.100434e+02
2321          	3.100434e+02
2322          	3.100433e+02
2323          	3.100432e+02
2324          	3.100431e+02
2325          	3.100431e+02
2326          	3.100430e+02
2327          	3.100430e+02
2328          	3.100429e+02
2329          	3.100429e+02
2330          	3.100429e+02
2331          	3.100428e+02
2332          	3.100428e+02
2333          	3.100428e+02
2334          	3.100428e+02
2335          	3.100428e+02
2336          	3.100428e+02
2337          	3.100428e+02
2338          	3.100428e+02
2339          	3.100428e+02
2340          	3.100428e+02
2341          	3.100428e+02
2342          	3.100429e+02
2343          	3.100429e+02
2344          	3.100430e+02
2345          	3.100430e+02
2346          	3.100431e+02
2347          	3.100432e+02
2348          	3.100432e+02
2349          	3.100433e+02
2350          	3.100434e+02
2351          	3.100435e+02
2352          	3.100436e+02
2353          	3.100437e+02
2354          	3.100438e+02
2355          	3.100439e+02
2356          	3.100440e+02
2357          	3.100441e+02
2358          	3.100442e+02
2359          	3.100443e+02
2360          	3.100445e+02
2361          	3.100446e+02
2362          	3.100447e+02
2363          	3.100449e+02
2364          	3.100450e+02
2365          	3.100451e+02
2366          	3.100453e+02
2367          	3.100454e+02
2368          	3.100455e+02
2369          	3.100457e+02
2370          	3.100458e+02
2371          	3.100460e+02
2372          	3.100461e+02
2373          	3.100462e+02
2374          	3.100464e+02
2375          	3.100465e+02
2376          	3.100467e+02
2377          	3.100468e+02
2378          	3.100469e+02
2379          	3.100471e+02
2380          	3.100472e+02
2381          	3.100473e+02
2382          	3.100474e+02
2383          	3.100476e+02
2384          	3.100477e+02
2385          	3.100478e+02
2386          	3.100479e+02
2387          	3.100480e+02
2388          	3.100481e+02
2389          	3.100482e+02
2390          	3.100482e+02
2391          	3.100483e+02
2392          	3.100484e+02
2393          	3.100485e+02
2394          	3.100485e+02
2395          	3.100486e+02
2396          	3.100487e+02
2397          	3.100487e+02
2398          	3.100488e+02
2399          	3.100488e+02
2400          	3.100489e+02
2401          	3.100489e+02
2402          	3.100490e+02
2403          	3.100490e+02
2404          	3.100490e+02
2405          	3.100491e+02
2406          	3.100491e+02
2407          	3.100491e+02
2408          	3.100491e+02
2409          	3.100492e+02
2410          	3.100492e+02
2411          	3.100492e+02
2412          	3.100492e+02
2413          	3.100493e+02
2414          	3.100493e+02
2415          	3.100493e+02
2416          	3.100493e+02
2417          	3.100493e+02
2418          	3.100493e+02
2419          	3.100493e+02
2420          	3.100493e+02
2421          	3.100493e+02
2422          	3.100493e+02
2423          	3.100493e+02
2424          	3.100493e+02
2425          	3.100493e+02
2426          	3.100493e+02
2427          	3.100493e+02
2428          	3.100493e+02
2429          	3.100493e+02
2430          	3.100493e+02
2431          	3.100493e+02
2432          	3.100492e+02
2433          	3.100492e+02
2434          	3.100492e+02
2435          	3.100492e+02
2436          	3.100491e+02
2437          	3.100491e+02
2438          	3.100491e+02
2439          	3.100490e+02
2440          	3.100490e+02
2441          	3.100490e+02
2442          	3.100489e+02
2443          	3.100489e+02
2444          	3.100488e+02
2445          	3.100488e+02
2446          	3.100487e+02
2447          	3.100487e+02
2448          	3.100486e+02
2449          	3.100486e+02
2450          	3.100485e+02
2451          	3.100485e+02
2452          	3.100484e+02
2453          	3.100484e+02
2454          	3.100483e+02
2455          	3.100482e+02
2456          	3.100482e+02
2457          	3.100481e+02
2458          	3.100481e+02
2459          	3.100480e+02
2460          	3.100480e+02
2461          	3.100479e+02
2462          	3.100479e+02
2463          	3.100478e+02
2464          	3.100478e+02
2465          	3.100478e+02
2466          	3.100477e+02
2467          	3.100477e+02
2468          	3.100476e+02
2469          	3.100476e+02
2470          	3.100475e+02
2471          	3.100475e+02
2472          	3.100475e+02
2473          	3.100474e+02
2474          	3.100474e+02
2475          	3.100473e+02
2476          	3.100473e+02
2477          	3.100473e+02
2478          	3.100472e+02
2479          	3.100472e+02
2480          	3.100471e+02
2481          	3.100471e+02
2482          	3.100471e+02
2483          	3.100470e+02
2484          	3.100470e+02
2485          	3.100469e+02
2486          	3.100469e+02
2487          	3.100469e+02
2488          	3.100468e+02
2489          	3.100468e+02
2490          	3.100468e+02
2491          	3.100467e+02
2492          	3.100467e+02
2493          	3.100466e+02
2494          	3.100466e+02
2495          	3.100466e+02
2496          	3.100465e+02
2497          	3.100465e+02
2498          	3.100465e+02
2499          	3.100464e+02
2500          	3.100464e+02
2501          	3.100464e+02
2502          	3.100463e+02
2503          	3.100463e+02
2504          	3.100463e+02
2505          	3.100462e+02
2506          	3.100462e+02
2507          	3.100461e+02
2508          	3.100461e+02
2509          	3.100461e+02
2510          	3.100460e+02
2511          	3.100460e+02
2512          	3.100460e+02
2513          	3.100459e+02
2514          	3.100459e+02
2515          	3.100459e+02
2516          	3.100458e+02
2517          	3.100458e+02
2518          	3.100458e+02
2519          	3.100458e+02
2520          	3.100457e+02
2521          	3.100457e+02
2522          	3.100457e+02
2523          	3.100457e+02
2524          	3.100456e+02
2525          	3.100456e+02
2526          	3.100456e+02
2527          	3.100456e+02
2528          	3.100455e+02
2529          	3.100455e+02
2530          	3.100455e+02
2531          	3.100455e+02
2532          	3.100455e+02
2533          	3.100455e+02
2534          	3.100455e+02
2535          	3.100455e+02
2536          	3.100455e+02
2537          	3.100455e+02
2538          	3.100454e+02
2539          	3.100454e+02
2540          	3.100454e+02
2541          	3.100454e+02
2542          	3.100454e+02
2543          	3.100454e+02
2544          	3.100454e+02
2545          	3.100454e+02
2546          	3.100454e+02
2547          	3.100454e+02
2548          	3.100454e+02
2549          	3.100454e+02
2550          	3.100454e+02
2551          	3.100454e+02
2552          	3.100454e+02
2553          	3.100454e+02
2554          	3.100454e+02
2555          	3.100454e+02
2556          	3.100454e+02
2557          	3.100454e+02
2558          	3.100454e+02
2559          	3.100454e+02
2560          	3.100454e+02
2561          	3.100454e+02
2562          	3.100454e+02
2563          	3.100454e+02
2564          	3.100455e+02
2565          	3.100455e+02
2566          	3.100455e+02
2567          	3.100455e+02
2568          	3.100456e+02
2569          	3.100456e+02
2570          	3.100456e+02
2571          	3.100457e+02
2572          	3.100457e+02
2573          	3.100457e+02
2574          	3.100458e+02
2575          	3.100458e+02
2576          	3.100459e+02
2577          	3.100459e+02
2578          	3.100460e+02
2579          	3.100460e+02
2580          	3.100461e+02
2581          	3.100461e+02
2582          	3.100462e+02
2583          	3.100463e+02
2584          	3.100463e+02
2585          	3.100464e+02
2586          	3.100464e+02
2587          	3.100465e+02
2588          	3.100466e+02
2589          	3.100466e+02
2590          	3.100467e+02
2591          	3.100468e+02
2592          	3.100469e+02
2593          	3.100469e+02
2594          	3.100470e+02
2595          	3.100471e+02
2596          	3.100471e+02
2597          	3.100472e+02
2598          	3.100473e+02
2599          	3.100474e+02
2600          	3.100474e+02
2601          	3.100475e+02
2602          	3.100476e+02
2603          	3.100477e+02
2604          	3.100477e+02
2605          	3.100478e+02
2606          	3.100479e+02
2607          	3.100479e+02
2608          	3.100480e+02
2609          	3.100481e+02
2610          	3.100482e+02
2611          	3.100482e+02
2612          	3.100483e+02
2613          	3.100484e+02
2614          	3.100484e+02
2615          	3.100485e+02
2616          	3.100486e+02
2617          	3.100486e+02
2618          	3.100487e+02
2619          	3.100488e+02
2620          	3.100488e+02
2621          	3.100489e+02
2622          	3.100490e+02
2623          	3.100490e+02
2624          	3.100491e+02
2625          	3.100491e+02
2626          	3.100492e+02
2627          	3.100493e+02
2628          	3.100493e+02
2629          	3.100494e+02
2630          	3.100495e+02
2631          	3.100495e+02
2632          	3.100496e+02
2633          	3.100497e+02
2634          	3.100497e+02
2635          	3.100498e+02
2636          	3.100499e+02
2637          	3.100500e+02
2638          	3.100500e+02
2639          	3.100501e+02
2640          	3.100502e+02
2641          	3.100502e+02
2642          	3.100503e+02
2643          	3.100504e+02
2644          	3.100505e+02
2645          	3.100505e+02
2646          	3.100506e+02
2647          	3.100507e+02
2648          	3.100508e+02
2649          	3.100509e+02
2650          	3.100509e+02
2651          	3.100510e+02
2652          	3.100511e+02
2653          	3.100512e+02
2654          	3.100513e+02
2655          	3.100514e+02
2656          	3.100514e+02
2657          	3.100515e+02
2658          	3.100516e+02
2659          	3.100517e+02
2660          	3.100518e+02
2661          	3.100519e+02
2662          	3.100519e+02
2663          	3.100520e+02
2664          	3.100521e+02
2665          	3.100522e+02
2666          	3.100523e+02
2667          	3.100523e+02
2668          	3.100524e+02
2669          	3.100525e+02
2670          	3.100526e+02
2671          	3.100526e+02
2672          	3.100527e+02
2673          	3.100528e+02
2674          	3.100528e+02
2675          	3.100529e+02
2676          	3.100529e+02
2677          	3.100530e+02
2678          	3.100531e+02
2679          	3.100531e+02
2680          	3.100532e+02
2681          	3.100532e+02
2682          	3.100533e+02
2683          	3.100533e+02
2684          	3.100534e+02
2685          	3.100534e+02
2686          	3.100535e+02
2687          	3.100535e+02
2688          	3.100535e+02
2689          	3.100536e+02
2690          	3.100536e+02
2691          	3.100536e+02
2692          	3.100537e+02
2693          	3.100537e+02
2694          	3.100537e+02
2695          	3.100537e+02
2696          	3.100537e+02
2697          	3.100537e+02
2698          	3.100538e+02
2699          	3.100538e+02
2700          	3.100538e+02
2701          	3.100538e+02
2702          	3.100538e+02
2703          	3.100538e+02
2704          	3.100538e+02
2705          	3.100538e+02
2706          	3.100538e+02
2707          	3.100538e+02
2708          	3.100538e+02
2709          	3.100538e+02
2710          	3.100538e+02
2711          	3.100538e+02
2712          	3.100537e+02
2713          	3.100537e+02
2714          	3.100537e+02
2715          	3.100537e+02
2716          	3.100537e+02
2717          	3.100536e+02
2718          	3.100536e+02
2719          	3.100536e+02
2720          	3.100536e+02
2721          	3.100535e+02
2722          	3.100535e+02
2723          	3.100535e+02
2724          	3.100535e+02
2725          	3.100535e+02
2726          	3.100534e+02
2727          	3.100534e+02
2728          	3.100534e+02
2729          	3.100534e+02
2730          	3.100534e+02
2731          	3.100534e+02
2732          	3.100534e+02
2733          	3.100534e+02
2734          	3.100534e+02
2735          	3.100534e+02
2736          	3.100534e+02
2737          	3.100534e+02
2738          	3.100534e+02
2739          	3.100534e+02
2740          	3.100534e+02
2741          	3.100534e+02
2742          	3.100535e+02
2743          	3.100535e+02
2744          	3.100535e+02
2745          	3.100536e+02
2746          	3.100536e+02
2747          	3.100537e+02
2748          	3.100537e+02
2749          	3.100538e+02
2750          	3.100538e+02
2751          	3.100539e+02
2752          	3.100539e+02
2753          	3.100540e+02
2754          	3.100541e+02
2755          	3.100541e+02
2756          	3.100542e+02
2757          	3.100543e+02
2758          	3.100543e+02
2759          	3.100544e+02
2760          	3.100545e+02
2761          	3.100546e+02
2762          	3.100546e+02
2763          	3.100547e+02
2764          	3.100548e+02
2765          	3.100549e+02
2766          	3.100550e+02
2767          	3.100550e+02
2768          	3.100551e+02
2769          	3.100552e+02
2770          	3.100553e+02
2771          	3.100553e+02
2772          	3.100554e+02
2773          	3.100555e+02
2774          	3.100556e+02
2775          	3.100556e+02
2776          	3.100557e+02
2777          	3.100558e+02
2778          	3.100558e+02
2779          	3.100559e+02
2780          	3.100559e+02
2781          	3.100560e+02
2782          	3.100561e+02
2783          	3.100561e+02
2784          	3.100562e+02
2785          	3.100562e+02
2786          	3.100563e+02
2787          	3.100563e+02
2788          	3.100564e+02
2789          	3.100564e+02
2790          	3.100565e+02
2791          	3.100565e+02
2792          	3.100565e+02
2793          	3.100566e+02
2794          	3.100566e+02
2795          	3.100567e+02
2796          	3.100567e+02
2797          	3.100568e+02
2798          	3.100568e+02
2799          	3.100569e+02
2800          	3.100569e+02
2801          	3.100569e+02
2802          	3.100570e+02
2803          	3.100570e+02
2804          	3.100571e+02
2805          	3.100571e+02
2806          	3.100571e+02
2807          	3.100572e+02
2808          	3.100572e+02
2809          	3.100573e+02
2810          	3.100573e+02
2811          	3.100573e+02
2812          	3.100574e+02
2813          	3.100574e+02
2814          	3.100575e+02
2815          	3.100575e+02
2816          	3.100575e+02
2817          	3.100576e+02
2818          	3.100576e+02
2819          	3.100576e+02
2820          	3.100577e+02
2821          	3.100577e+02
2822          	3.100577e+02
2823          	3.100578e+02
2824          	3.100578e+02
2825          	3.100578e+02
2826          	3.100579e+02
2827          	3.100579e+02
2828          	3.100579e+02
2829          	3.100580e+02
2830          	3.100580e+02
2831          	3.100580e+02
2832          	3.100580e+02
2833          	3.100581e+02
2834          	3.100581e+02
2835          	3.100581e+02
2836          	3.100581e+02
2837          	3.100582e+02
2838          	3.100582e+02
2839          	3.100582e+02
2840          	3.100582e+02
2841          	3.100582e+02
2842          	3.100583e+02
2843          	3.100583e+02
2844          	3.100583e+02
2845          	3.100583e+02
2846          	3.100583e+02
2847          	3.100583e+02
2848          	3.100583e+02
2849          	3.100584e+02
2850          	3.100584e+02
2851          	3.100584e+02
2852          	3.100584e+02
2853          	3.100584e+02
2854          	3.100584e+02
2855          	3.100584e+02
2856          	3.100584e+02
2857          	3.100584e+02
2858          	3.100583e+02
2859          	3.100583e+02
2860          	3.100583e+02
2861          	3.100583e+02
2862          	3.100583e+02
2863          	3.100582e+02
2864          	3.100582e+02
2865          	3.100582e+02
2866          	3.100581e+02
2867          	3.100581e+02
2868          	3.100580e+02
2869          	3.100580e+02
2870          	3.100579e+02
2871          	3.100578e+02
2872          	3.100578e+02
2873          	3.100577e+02
2874          	3.100576e+02
2875          	3.100575e+02
2876          	3.100575e+02
2877          	3.100574e+02
2878          	3.100573e+02
2879          	3.100572e+02
2880          	3.100571e+02
2881          	3.100570e+02
2882          	3.100569e+02
2883          	3.100568e+02
2884          	3.100567e+02
2885          	3.100567e+02
2886          	3.100566e+02
2887          	3.100565e+02
2888          	3.100564e+02
2889          	3.100563e+02
2890          	3.100562e+02
2891          	3.100561e+02
2892          	3.100560e+02
2893          	3.100559e+02
2894          	3.100558e+02
2895          	3.100557e+02
2896          	3.100556e+02
2897          	3.100555e+02
2898          	3.100555e+02
2899          	3.100554e+02
2900          	3.100553e+02
2901          	3.100552e+02
2902          	3.100551e+02
2903          	3.100551e+02
2904          	3.100550e+02
2905          	3.100549e+02
2906          	3.100548e+02
2907          	3.100548e+02
2908          	3.100547e+02
2909          	3.100547e+02
2910          	3.100546e+02
2911          	3.100546e+02
2912          	3.100545e+02
2913          	3.100545e+02
2914          	3.100544e+02
2915          	3.100544e+02
2916          	3.100544e+02
2917          	3.100544e+02
2918          	3.100543e+02
2919          	3.100543e+02
2920          	3.100543e+02
2921          	3.100543e+02
2922          	3.100543e+02
2923          	3.100543e+02
2924          	3.100543e+02
2925          	3.100543e+02
2926          	3.100543e+02
2927          	3.100543e+02
2928          	3.100544e+02
2929          	3.100544e+02
2930          	3.100544e+02
2931          	3.100545e+02
2932          	3.100545e+02
2933          	3.100546e+02
2934          	3.100546e+02
2935          	3.100547e+02
2936          	3.100548e+02
2937          	3.100548e+02
2938          	3.100549e+02
2939          	3.100550e+02
2940          	3.100550e+02
2941          	3.100551e+02
2942          	3.100552e+02
2943          	3.100553e+02
2944          	3.100554e+02
2945          	3.100555e+02
2946          	3.100556e+02
2947          	3.100557e+02
2948          	3.100558e+02
2949          	3.100559e+02
2950          	3.100560e+02
2951          	3.100561e+02
2952          	3.100562e+02
2953          	3.100564e+02
2954          	3.100565e+02
2955          	3.100566e+02
2956          	3.100567e+02
2957          	3.100568e+02
2958          	3.100569e+02
2959          	3.100571e+02
2960          	3.100572e+02
2961          	3.100573e+02
2962          	3.100574e+02
2963          	3.100575e+02
2964          	3.100576e+02
2965          	3.100577e+02
2966          	3.100578e+02
2967          	3.100579e+02
2968          	3.100580e+02
2969          	3.100581e+02
2970          	3.100582e+02
2971          	3.100583e+02
2972          	3.100584e+02
2973          	3.100585e+02
2974          	3.100586e+02
2975          	3.100587e+02
2976          	3.100588e+02
2977          	3.100589e+02
2978          	3.100589e+02
2979          	3.100590e+02
2980          	3.100591e+02
2981          	3.100592e+02
2982          	3.100592e+02
2983          	3.100593e+02
2984          	3.100594e+02
2985          	3.100595e+02
2986          	3.100595e+02
2987          	3.100596e+02
2988          	3.100596e+02
2989          	3.100597e+02
2990          	3.100598e+02
2991          	3.100598e+02
2992          	3.100599e+02
2993          	3.100599e+02
2994          	3.100600e+02
2995          	3.100600e+02
2996          	3.100601e+02
2997          	3.100601e+02
2998          	3.100601e+02
2999          	3.100602e+02
3000          	3.100602e+02
